4 0.04335089936455689 0.8618790912628024 0.040098576531988235 0.9264268271243579 0.5268282891526914 0.9616851005034392 0.5300806119852601 0.8971373646418839 0.04335089936455689 0.8618790912628024
3 0.8245443416522003 0.8930291985696813 0.8197387353229885 0.9884044192846525 0.953808694603574 0.986418197665681 0.9580270186709902 0.9026985665898903 0.8245443416522003 0.8930291985696813
5 0.35285414552076555 0.7774318630879156 0.3504391599807108 0.8253612528729428 0.6522077796540143 0.8472211069434518 0.654622765194069 0.7992917171584245 0.35285414552076555 0.7774318630879156
6 0.2504029830605722 0.7216644769213691 0.24859344186643717 0.7575778204123597 0.7589236522143687 0.7945456931423183 0.7607331934085039 0.7586323496513279 0.2504029830605722 0.7216644769213691
9 0.4542731661185067 0.6830086316123745 0.45240492399019205 0.720086992412322 0.5601416034883692 0.7278913429588468 0.5620098456166838 0.6908129821588992 0.4542731661185067 0.6830086316123745
7 0.23980422801933005 0.24850214955458233 0.21945295373140414 0.652406910800443 0.7927087719435347 0.6939330593600708 0.8130600462314606 0.2900282981142101 0.23980422801933005 0.24850214955458233
8 0.3111359675169987 0.20023567228401087 0.3090542674462122 0.24155045966198455 0.7600301765480474 0.2742187588806172 0.762111876618834 0.23290397150264355 0.3111359675169987 0.20023567228401087
1 0.31691857962714554 0.1234731057408391 0.3134154437121726 0.19299864283157467 0.7565290466091368 0.22509740348624993 0.7600321825241098 0.15557186639551437 0.31691857962714554 0.1234731057408391
2 0.09442631073811503 0.01914858509689586 0.09361371516166031 0.03527589082006191 0.376303681608982 0.05575370398839459 0.3771162771854367 0.03962639826522855 0.09442631073811503 0.01914858509689586
10 0.216345863013258 0 0.09634514475206458 0 0.09558618294438846 0.015062854708121454 0.37852057341880463 0.035558373738545986 0.37971593789664615 0.011834384901601878 0.216345863013258 0
0 0.6967316353814397 0.011041292537678802 0.6906640933666819 0.13146171801805967 1 0.1538697397172461 1 0.033009786816310796 0.6967316353814397 0.011041292537678802