4 0.5318478260869566 0.09674710424710424 0.5318478260869566 0.032036679536679526 0.04483695652173913 0.032036679536679526 0.04483695652173913 0.09674710424710424 0.5318478260869566 0.09674710424710424
3 0.9587635869565218 0.1221573359073359 0.9587635869565218 0.020583976833976832 0.8252038043478263 0.020583976833976832 0.8252038043478263 0.1221573359073359 0.9587635869565218 0.1221573359073359
5 0.6510937500000001 0.2034942084942085 0.6510937500000001 0.15544401544401545 0.34915081521739133 0.15544401544401545 0.34915081521739133 0.2034942084942085 0.6510937500000001 0.2034942084942085
6 0.7548369565217391 0.2517857142857143 0.7548369565217391 0.21578185328185326 0.24421195652173913 0.21578185328185326 0.24421195652173913 0.2517857142857143 0.7548369565217391 0.2517857142857143
9 0.5533152173913044 0.30514961389961387 0.5533152173913044 0.26797779922779924 0.44551630434782613 0.26797779922779924 0.44551630434782613 0.30514961389961387 0.5533152173913044 0.30514961389961387
7 0.7834646739130435 0.7236486486486486 0.7834646739130435 0.3187258687258688 0.20987771739130437 0.3187258687258688 0.20987771739130437 0.7236486486486486 0.7834646739130435 0.7236486486486486
8 0.7298029891304348 0.7770222007722007 0.7298029891304348 0.7356032818532817 0.2785665760869565 0.7356032818532817 0.2785665760869565 0.7770222007722007 0.7298029891304348 0.7770222007722007
1 0.7238451086956522 0.8541167953667953 0.7238451086956522 0.7844160231660232 0.28047554347826087 0.7844160231660232 0.28047554347826087 0.8541167953667953 0.7238451086956522 0.8541167953667953
2 0.3362771739130435 0.9422249034749035 0.3362771739130435 0.9260569498069499 0.05342391304347825 0.9260569498069499 0.05342391304347825 0.9422249034749035 0.3362771739130435 0.9422249034749035
10 0.33747282608695656 0.9701737451737452 0.33747282608695656 0.9463899613899613 0.05437499999999998 0.9463899613899613 0.05437499999999998 0.9701737451737452 0.33747282608695656 0.9701737451737452
0 0.9921467391304348 0.9939044401544401 0.9921467391304348 0.873180501930502 0.6534782608695653 0.873180501930502 0.6534782608695653 0.9939044401544401 0.9921467391304348 0.9939044401544401