4 0.07894061108606326 0.912289480224611 0.08198701761511468 0.9770151459490931 0.5686718756842286 0.9793364497685303 0.5656254691551773 0.9146107840440482 0.07894061108606326 0.912289480224611
3 0.8575888202832108 0.8905928287002907 0.8623706424647751 0.9921901109823202 0.9958410183943417 0.9928267145016001 0.9910591962127773 0.8912294322195706 0.8575888202832108 0.8905928287002907
5 0.37802536878240073 0.8069677252958852 0.3802874528667709 0.8550292354355735 0.6820282630684761 0.8564684256704624 0.6797661789841059 0.8084069155307739 0.37802536878240073 0.8069677252958852
6 0.2708833130515356 0.7581646617257326 0.272578285657944 0.7941770025897419 0.7828614665516344 0.7966108615380202 0.781166493945226 0.760598520674011 0.2708833130515356 0.7581646617257326
9 0.4695406648643989 0.7057476968348924 0.47129062183685955 0.7429282664507904 0.5790173728668884 0.743442082556789 0.5772674158944276 0.706261512940891 0.4695406648643989 0.7057476968348924
7 0.21435791941197183 0.28602693938984686 0.23342068103096145 0.6910450893215332 0.8066236708826998 0.6937790521058587 0.7875609092637101 0.28876090217417233 0.21435791941197183 0.28602693938984686
8 0.2804881022347783 0.232968217106581 0.2824380023565205 0.27439689127480205 0.7333723517966876 0.2765476786073355 0.7314224516749455 0.23511900443911446 0.2804881022347783 0.232968217106581
1 0.27876636916243996 0.15586456366064497 0.28204770889189695 0.22558175223410631 0.7251204766776165 0.22769504277745736 0.7218391369481594 0.15797785420399604 0.27876636916243996 0.15586456366064497
2 0.04771881856708381 0.06665347778331768 0.04847996578309829 0.08282523943136474 0.3311438809511269 0.08417344004828932 0.33038273373511234 0.06800167840024225 0.04771881856708381 0.06665347778331768
10 0.047353506606312906 0.03870258668468622 0.04847318824228885 0.06249197217769407 0.33138150491252816 0.06384133849790928 0.33026182327655235 0.04005195300490144 0.047353506606312906 0.03870258668468622
0 0.8449041509196255 0.0187756477982139 0.6449385375087687 0.017821886992898654 0.6506219215270931 0.1385742588926745 0.9890636906441207 0.1401884989050418 0.9834941744164134 0.021855426098142523 0.8449041509196255 0.0187756477982139