4 0.4789585214804812 0.9663186994175981 0.968962547364882 0.9761605149307024 0.9693710197664104 0.8989212558629153 0.47936699388200954 0.8890794403498106 0.4789585214804812 0.9663186994175981
3 0.043374863689627625 0.9622076727892147 0.18493158227845446 0.9650508639374449 0.18548719670830083 0.8599880819034001 0.04393047811947401 0.8571448907551699 0.043374863689627625 0.9622076727892147
5 0.2836437782894662 0.8325002222545911 0.7388030734443093 0.8416421753312081 0.7391071158785176 0.7841498888130839 0.2839478207236745 0.7750079357364669 0.2836437782894662 0.8325002222545911
6 0.2512712294691061 0.7761777333969206 0.7652310077300775 0.7865007043351103 0.7654756824431381 0.7402344364582327 0.25151590418216674 0.7299114655200432 0.2512712294691061 0.7761777333969206
9 0.4284869391813713 0.7287122692819287 0.5869215742173275 0.7318944562978326 0.5871416230770377 0.6902847641396135 0.4287069880410815 0.6871025771237098 0.4284869391813713 0.7287122692819287
7 0.23826507702834815 0.6614897723794088 0.7919696262777209 0.672611023909217 0.7940308919487236 0.282840178744754 0.24032634269935066 0.27171892721494584 0.23826507702834815 0.6614897723794088
8 0.28398791226218684 0.25261492001950653 0.7505806346876662 0.26198651545809604 0.7508020119129099 0.22012563871754298 0.28420928948743046 0.21075404327895347 0.28398791226218684 0.25261492001950653
1 0.2978852957939094 0.19877734818167345 0.7486889996075581 0.20783181845372964 0.7490226748113583 0.14473618356045653 0.29821897099770955 0.13568171328840034 0.2978852957939094 0.19877734818167345
2 0.6875872033316731 0.07294569356021523 0.9599477743857524 0.07841610268291578 0.9600441319779078 0.06019555951820707 0.6876835609238285 0.05472515039550653 0.6875872033316731 0.07294569356021523
10 0.6751047307889085 0.04971398138366885 0.9643159958442347 0.05552283960651456 0.96441782017147 0.03626857527604539 0.6752065551161437 0.030459717053199692 0.6751047307889085 0.04971398138366885
0 0.03501786354853328 0.10610990784339 0.36061192752577637 0.11264952086808372 0.3611593163075119 0.009142151055416471 0.03556525233026883 0.0026025380307227518 0.03501786354853328 0.10610990784339