4 0.6012352498899927 1 0.9107245275007001 1 0.9145931243338963 0.9482434743561446 0.4260380973111709 0.9081169537871987 0.42028110068472585 0.9851376815537639 0.6012352498899927 1
3 0.12680244865111656 0.9656859029619836 0.13463326019740676 0.860920372697894 0 0.8498625307235771 0 0.9552712295218206 0.12680244865111656 0.9656859029619836
5 0.6883531093456332 0.8768458729960904 0.6926382734386881 0.819516248113185 0.2388249372264678 0.7822431690069197 0.23453977313341282 0.8395727938898252 0.6883531093456332 0.8768458729960904
6 0.7185584474424521 0.8234770818740955 0.7220068848213196 0.7773417141099828 0.2095669453663721 0.7352534525354438 0.20611850798750464 0.7813888202995566 0.7185584474424521 0.8234770818740955
9 0.5443099961329554 0.7579780895204178 0.5474113575425987 0.716486122729849 0.3894452321385843 0.7035118810792232 0.3863438707289409 0.7450038478697919 0.5443099961329554 0.7579780895204178
7 0.7531425593335689 0.7115262963120152 0.7821939700770243 0.32285822104721595 0.23012678954134475 0.27751525280430706 0.20107537879788925 0.6661833280691064 0.7531425593335689 0.7115262963120152
8 0.740255970888282 0.2993691096477261 0.743376054238174 0.25762666894572167 0.27816310072875666 0.2194173043595143 0.27504301737886466 0.2611597450615188 0.740255970888282 0.2993691096477261
1 0.7421177531869494 0.2452329088658106 0.7468205605624731 0.18231578903548712 0.2973499357015658 0.14539939011205694 0.292647128326042 0.20831650994238038 0.7421177531869494 0.2452329088658106
2 0.9620082864282133 0.1292084805272614 0.9633663471708618 0.11103948833617437 0.6918111779840638 0.08873583065326862 0.6904531172414151 0.10690482284435564 0.9620082864282133 0.1292084805272614
10 0.9679551274911782 0.10664269761512239 0.969390236218696 0.0874429089423562 0.6810342024915054 0.06375934480210724 0.6795990937639874 0.08295913347487342 0.9679551274911782 0.10664269761512239
0 0.03660901465205822 0.09962120278827345 0.3612402591356864 0.12628416108076665 0.36895513866736024 0.02306964234518444 0.13777714566670354 0.004082285797531957 0.04395795433382781 0.0013024579061874906 0.03660901465205822 0.09962120278827345