4 0.5295256754338881 0.11070799785292537 0.532386652352836 0.033461621041331165 0.04259073398548899 0.026205385213666763 0.03972975706654105 0.10345176202526096 0.5295256754338881 0.11070799785292537
3 0.964040995249415 0.1403463910523952 0.9679325679815673 0.035273927284279284 0.8264359693421115 0.033177681378509565 0.8225443966099591 0.13825014514662545 0.964040995249415 0.1403463910523952
5 0.7213646010202256 0.22375541972022303 0.7234941411884132 0.16625783517916018 0.26852815479385533 0.15951759834368526 0.26639861462566783 0.21701518288474808 0.7213646010202256 0.22375541972022303
6 0.752371571709736 0.26868361321984513 0.754085295094957 0.2224130818188789 0.24034379849631746 0.21480209668408426 0.23863007511109646 0.26107262808505044 0.752371571709736 0.26868361321984513
9 0.5737835215675106 0.3124304555960871 0.5753247632923272 0.27081692902603877 0.4169574163535517 0.26847074610842725 0.41541617462873504 0.3100842726784756 0.5737835215675106 0.3124304555960871
7 0.7490154823067178 0.7268465279831738 0.7634527698357928 0.3370397646981497 0.2099833820806906 0.3288402182128889 0.19554609455161562 0.7186469814979132 0.7490154823067178 0.7268465279831738
8 0.7031874965767306 0.7880469398709563 0.7047380422915276 0.7461822055714394 0.23834348446839826 0.7392726565666523 0.23679293875360136 0.7811373908661692 0.7031874965767306 0.7880469398709563
1 0.6867912152515329 0.8631980347694633 0.6891283059654351 0.800096585494101 0.2385160610674758 0.7934208485326498 0.2361789703535735 0.856522297808012 0.6867912152515329 0.8631980347694633
2 0.29467321743512215 0.946215369110607 0.29534811455446375 0.927993146888385 0.023103216595280113 0.9239598891408415 0.02242831947593855 0.9421821113630636 0.29467321743512215 0.946215369110607
10 0.3063824312333629 0.9704165083746864 0.30709561784993117 0.9511604697273432 0.018007182475781484 0.9468776780921707 0.017293995859213214 0.9661337167395139 0.3063824312333629 0.9704165083746864
0 0.9452754974238757 0.9948994884266106 0.949109456987304 0.89138258021405 0.6236536746743787 0.8865610130686734 0.6198197151109505 0.990077921281234 0.9452754974238757 0.9948994884266106