4 0.5139975397419148 0.9038942551646253 0.023866894368343883 0.91373607067773 0.02370351995205034 0.9909753297455174 0.5138341653256211 0.9811335142324128 0.5139975397419148 0.9038942551646253
3 0.9497182674951704 0.8719597055699848 0.8081249699428057 0.874802896718215 0.807902743954414 0.9798656787522597 0.9494960415067787 0.9770224876040294 0.9497182674951704 0.8719597055699848
5 0.7102827520308985 0.7898227505512817 0.2550058414394483 0.7989647036278987 0.25488423529168563 0.856456990146023 0.7101611458831357 0.8473150370694059 0.7102827520308985 0.7898227505512817
6 0.7430521274279046 0.744726280334858 0.22895953939162583 0.7550492512730477 0.2288616782184389 0.801315519149925 0.7429542662547176 0.7909925482117354 0.7430521274279046 0.744726280334858
9 0.5661585710063719 0.7019173919385245 0.40768299566891736 0.7050995789544283 0.40759498396022736 0.7467092711126474 0.5660705592976819 0.7435270840967435 0.5661585710063719 0.7019173919385245
7 0.7576354459333804 0.2865337420297607 0.20378781666124526 0.2976549935595688 0.20296338378752882 0.6874258387240317 0.7568110130596638 0.6763045871942235 0.7576354459333804 0.2865337420297607
8 0.7141990791616325 0.22556885809376828 0.24748578684479908 0.2349404535323578 0.24739724383719433 0.2768013302729109 0.7141105361540279 0.26742973483432136 0.7141990791616325 0.22556885809376828
1 0.7007437082522258 0.15049652810321515 0.24982351450854062 0.15955099837527134 0.24969005630806368 0.22264663326854445 0.7006102500517488 0.21359216299648823 0.7007437082522258 0.15049652810321515
2 0.31183581260629595 0.06953996521032134 0.039404862219486275 0.07501037433302189 0.03936632261359138 0.09323091749773059 0.31179727300040105 0.08776050837503004 0.31183581260629595 0.06953996521032134
10 0.3244938521173114 0.04527453186801451 0.03520785342571046 0.05108339009086021 0.03516712732043553 0.07033765442132937 0.3244531260120364 0.06452879619848366 0.3244938521173114 0.04527453186801451
0 0.9644115768728899 0.017417352845537564 0.6387333777623013 0.023956965870231287 0.6385144417402665 0.12746433568289853 0.9641926408508549 0.12092472265820481 0.9644115768728899 0.017417352845537564