4 0.5333333333333334 0.10280676328502415 0.5333333333333334 0.025560386473429956 0.0435374149659864 0.025560386473429956 0.0435374149659864 0.10280676328502415 0.5333333333333334 0.10280676328502415
3 0.9687074829931973 0.1259951690821256 0.9687074829931973 0.020922705314009662 0.8272108843537416 0.020922705314009662 0.8272108843537416 0.1259951690821256 0.9687074829931973 0.1259951690821256
5 0.7292517006802721 0.21295169082125603 0.7292517006802721 0.15545410628019324 0.27428571428571435 0.15545410628019324 0.27428571428571435 0.21295169082125603 0.7292517006802721 0.21295169082125603
6 0.761904761904762 0.2573961352657005 0.761904761904762 0.21112560386473428 0.24816326530612243 0.21112560386473428 0.24816326530612243 0.2573961352657005 0.761904761904762 0.2573961352657005
9 0.5850340136054423 0.3037632850241546 0.5850340136054423 0.26214975845410626 0.4266666666666667 0.26214975845410626 0.4266666666666667 0.3037632850241546 0.5850340136054423 0.3037632850241546
7 0.7755102040816327 0.7153574879227053 0.7755102040816327 0.3255507246376811 0.22204081632653064 0.3255507246376811 0.22204081632653064 0.7153574879227053 0.7755102040816327 0.7153574879227053
8 0.7319727891156463 0.7772028985507246 0.7319727891156463 0.7353381642512077 0.26557823129251706 0.7353381642512077 0.26557823129251706 0.7772028985507246 0.7319727891156463 0.7772028985507246
1 0.7183673469387756 0.8525555555555555 0.7183673469387756 0.7894541062801933 0.2677551020408163 0.7894541062801933 0.2677551020408163 0.8525555555555555 0.7183673469387756 0.8525555555555555
2 0.3295374149659864 0.9413333333333332 0.3295374149659864 0.9231111111111111 0.057292517006802726 0.9231111111111111 0.057292517006802726 0.9413333333333332 0.3295374149659864 0.9413333333333332
10 0.3421360544217687 0.9653478260869565 0.3421360544217687 0.9460917874396133 0.053047619047619045 0.9460917874396133 0.053047619047619045 0.9653478260869565 0.3421360544217687 0.9653478260869565
0 0.9815850340136056 0.9803574879227054 0.9815850340136056 0.8768405797101448 0.6561292517006804 0.8768405797101448 0.6561292517006804 0.9803574879227054 0.9815850340136056 0.9803574879227054