4 0.8478467048887552 0.13383261967555796 0.4103485098725592 0.14658317402769572 0.40423063404924364 0.1956876811126494 0.8418063990753794 0.18500134606758412 0.8478467048887552 0.13383261967555796
3 0.20321193442781751 0.1440888431945959 0.10487686113199308 0.14728903913797164 0.09459864184469133 0.21571597919678517 0.19993493909492693 0.21101263248027924 0.20321193442781751 0.1440888431945959
5 0.6816352451195306 0.2186696685208407 0.27315231427442915 0.2329656718840695 0.2764724189753234 0.2635080126889702 0.6769693178593578 0.24860292257248884 0.6816352451195306 0.2186696685208407
6 0.6925736067160395 0.2825400562602969 0.6936365163071749 0.25452567675779686 0.26366219320404416 0.27062363936983036 0.2625633065463519 0.2977102315718213 0.6925736067160395 0.2825400562602969
9 0.5202382699303549 0.2994900535626949 0.434105952349454 0.3018757346408077 0.4337107190405792 0.32655276083208196 0.5211535068867134 0.3238454687202798 0.5202382699303549 0.2994900535626949
7 0.7249642651919656 0.5982183555607148 0.7374299234164989 0.32017914513685225 0.21929319084998944 0.3383938189430268 0.2376443792171463 0.6184122071721715 0.7249642651919656 0.5982183555607148
8 0.6643396566383525 0.6184191848789212 0.29338324529124366 0.6341055851912956 0.29466305132288206 0.6564112992982719 0.6633675109116853 0.6395840336081231 0.6643396566383525 0.6184191848789212
1 0.6607224744164597 0.674987836952589 0.6622127519115367 0.6441084850246187 0.29440512341371705 0.6612988336067888 0.29554591406201464 0.6916564690302199 0.6607224744164597 0.674987836952589
2 0.8269079229672344 0.6985352190439705 0.5552486424525462 0.7127650484130755 0.5546693526444852 0.7291401189061979 0.8259970810502599 0.7140201850955017 0.8269079229672344 0.6985352190439705
10 0.8244910145400068 0.7295312902539782 0.8269287692735889 0.7149852509906192 0.5074405764804312 0.7331519883290654 0.5058927632158268 0.7495649799579177 0.8244910145400068 0.7295312902539782
0 0.3320714709422457 0.7724084004070113 0.33020496148958756 0.7128521706863592 0.08733472408722695 0.7221042666244122 0.09284873328477133 0.7800373314587652 0.3320714709422457 0.7724084004070113