4 0.10282999999999999 0.124413125 0.6057875 0.141990625 0.6033141666666666 0.08258937499999999 0.1043925 0.051368750000000005 0.10282999999999999 0.124413125
3 0.8129275 0.063261875 0.8144533333333334 0.16020125000000002 0.9212833333333333 0.1617275 0.9156875 0.064406875 0.8129275 0.063261875
5 0.27619916666666666 0.1818425 0.27862249999999994 0.22319375000000002 0.7510683333333333 0.23520125000000003 0.7553083333333334 0.19502 0.27619916666666666 0.1818425
6 0.2780166666666667 0.233190625 0.2798333333333333 0.271815625 0.7571258333333334 0.282331875 0.7540975000000001 0.24364249999999998 0.2780166666666667 0.233190625
9 0.5644791666666666 0.33316250000000003 0.5644791666666666 0.29276250000000004 0.47463750000000005 0.29276250000000004 0.47463750000000005 0.33316250000000003 0.5644791666666666 0.33316250000000003
7 0.24599833333333332 0.758498125 0.7832358333333334 0.744179375 0.79702 0.3440793750000001 0.23398083333333333 0.332214375 0.24599833333333332 0.758498125
8 0.3116025 0.784278125 0.31216499999999997 0.815518125 0.7230858333333332 0.8019712500000001 0.7240708333333332 0.7686581250000001 0.3116025 0.784278125
1 0.3138533333333334 0.87377625 0.7240708333333332 0.8577337500000001 0.7246333333333332 0.810874375 0.3116025 0.8218500000000001 0.3138533333333334 0.87377625
2 0.12286749999999999 0.9313918750000001 0.12382333333333333 0.9526593750000002 0.4439325 0.935900625 0.4417025 0.9153818750000001 0.12286749999999999 0.9313918750000001
10 0.12637166666666666 0.97918375 0.5003099999999999 0.9586331250000001 0.49648749999999997 0.935900625 0.12382333333333333 0.9557656250000001 0.12637166666666666 0.97918375
0 0.6750158333333333 0.9795418750000001 0.9393849999999999 0.9683106250000001 0.9444008333333334 0.8788662500000001 0.6797933333333332 0.8841975 0.6750158333333333 0.9795418750000001