4 0.0951930752256143 0.9255018058575856 0.594989892119162 0.9093272463071632 0.5996917622649905 0.8500128753667809 0.09637369645573399 0.8524254831795843 0.0951930752256143 0.9255018058575856
3 0.9064947292218504 0.9369222151940337 0.9157407892289905 0.8397904606298519 0.8089170680278989 0.8380960903285272 0.8037528985672948 0.9349693608291645 0.9064947292218504 0.9369222151940337
5 0.7511144124417148 0.8015016852223386 0.7483853979124707 0.7612009592208574 0.27576994658211795 0.7589644719374393 0.27179566975573793 0.8002340944513819 0.7511144124417148 0.8015016852223386
6 0.7517296585876727 0.7528527720794038 0.7562086447349269 0.7142627096097016 0.2788053947545326 0.7103891828420722 0.27553977092010723 0.7489514083747489 0.7517296585876727 0.7528527720794038
9 0.475796680314948 0.6549272474627356 0.47428000595242326 0.6953188667253138 0.5640682062489686 0.6980270708877758 0.5655848806114933 0.6576354516251974 0.475796680314948 0.6549272474627356
7 0.23524763871901747 0.6486207757829673 0.798397160026552 0.6537305960499952 0.7996415285533179 0.253298081870123 0.2632612946832414 0.22278771357627075 0.23524763871901747 0.6486207757829673
8 0.7414307063321494 0.22704092890924382 0.7416969153603336 0.19370502249102722 0.3315291975644706 0.16777408252542714 0.32979423758836895 0.1989906458688029 0.7414307063321494 0.22704092890924382
1 0.3312047400528364 0.16142656492867435 0.7435777305897278 0.18485039252302465 0.7447747339748071 0.13798378211280282 0.3354036203138518 0.10957893626241634 0.3312047400528364 0.16142656492867435
2 0.46473863693937495 0.07183585151793305 0.46773761334353636 0.05138857955045029 0.14844809700743444 0.024983874894634987 0.14669441983408849 0.04621815025899388 0.46473863693937495 0.07183585151793305
10 0.15177660525243905 0 0.14856471011977584 0.021878269267546418 0.5202613369304201 0.052972807393042096 0.5249349729825925 0.030360249275374722 0.16908203102781602 0 0.15177660525243905 0
0 0.7015170717057666 0.11019081253907403 0.965766956260302 0.12349733504221454 0.964111978988754 0.03392031651373783 0.7003217804543961 0.014722202295169413 0.7015170717057666 0.11019081253907403