4 0.13124999999999998 0.1463525 0.13920444444444444 0.19721375 0.5767033333333333 0.18823062499999998 0.5687488888888889 0.139435625 0.13124999999999998 0.1463525
3 0.7755655555555555 0.12763562500000003 0.7813511111111111 0.194365 0.8867488888888888 0.194331875 0.8739133333333334 0.12641500000000003 0.7755655555555555 0.12763562500000003
5 0.3004644444444444 0.22366125 0.3062488888888889 0.25336375 0.7068677777777778 0.25026250000000005 0.7090377777777778 0.21959250000000002 0.3004644444444444 0.22366125
6 0.29193555555555556 0.28797812500000003 0.7220455555555555 0.283815625 0.7199311111111112 0.2567975 0.2898222222222222 0.26003125000000005 0.29193555555555556 0.28797812500000003
9 0.46471888888888885 0.2971725 0.46471888888888885 0.321551875 0.5521677777777778 0.320328125 0.5508466666666666 0.29568625000000004 0.46471888888888885 0.2971725
7 0.27143 0.604889375 0.7589755555555555 0.6031718750000001 0.7667955555555556 0.32252625 0.2485411111111111 0.32760625000000004 0.27143 0.604889375
8 0.33274666666666664 0.6223518750000001 0.3345122222222222 0.643458125 0.7034455555555555 0.6437062500000001 0.7038866666666667 0.6213587500000001 0.33274666666666664 0.6223518750000001
1 0.3384833333333333 0.6787181250000002 0.7038866666666667 0.67896625 0.7038866666666667 0.6485787500000001 0.33583555555555555 0.6479275 0.3384833333333333 0.6787181250000002
2 0.1733633333333333 0.7097162500000002 0.17485444444444445 0.7251493750000001 0.4464533333333333 0.7280668750000001 0.44526 0.7117293750000001 0.1733633333333333 0.7097162500000002
10 0.17694111111111113 0.7405818750000001 0.4959433333333333 0.7462856250000001 0.49378111111111117 0.72995375 0.17395999999999998 0.726155625 0.17694111111111113 0.7405818750000001
0 0.6704322222222222 0.7613025000000001 0.90968 0.7581768750000001 0.9130133333333333 0.700036875 0.670061111111111 0.701704375 0.6704322222222222 0.7613025000000001