4 0.5876456754530239 0.8622512830381628 0.5935290727194432 0.8132546732140346 0.1560297885938006 0.8163044309069134 0.15023379864426747 0.8673665661835556 0.5876456754530239 0.8622512830381628
3 0.8930961360199464 0.8668763570712711 0.903047508070433 0.7986303635212147 0.797739781388829 0.8014953308510753 0.7947820580493902 0.8683603897658356 0.8930961360199464 0.8668763570712711
5 0.7244220098634784 0.7782650480039416 0.7209564783919675 0.7476654703163068 0.3205540113216028 0.7555809658113047 0.3160310727588543 0.7854321029512733 0.7244220098634784 0.7782650480039416
6 0.30385954667594983 0.7493674813351773 0.7337320307008417 0.7407735645942037 0.7347017091604774 0.7137067736843478 0.3047888266422643 0.7213722966508955 0.30385954667594983 0.7493674813351773
9 0.5631492116252553 0.7065476988733587 0.5634267661755082 0.6818781386826499 0.4760019880662571 0.6830593650664066 0.47703329393733385 0.7074301912388832 0.5631492116252553 0.7065476988733587
7 0.25975567055982807 0.6829512673318431 0.7777753281103343 0.6737792499565464 0.7580901322661653 0.3934470590687815 0.2708949596693389 0.4051360072698676 0.25975567055982807 0.6829512673318431
8 0.7022796950221332 0.37678131868064735 0.7008936139588329 0.354453784071082 0.3322908958482002 0.3648462349799434 0.3314197170987963 0.38599363067837805 0.7022796950221332 0.37678131868064735
1 0.3334240156894006 0.36034204003332715 0.7011282239195838 0.3495708635965932 0.6998427599912697 0.3191940192223575 0.3347669789428042 0.3294894071272616 0.3334240156894006 0.36034204003332715
2 0.44005454197296184 0.2935537373195962 0.4405557245408709 0.27718915358643664 0.16931591591440334 0.2875736770077233 0.16847895672134341 0.3030423907443308 0.44005454197296184 0.2935537373195962
10 0.1683796807867997 0.28659237404014815 0.48776261725925657 0.2740015871802978 0.48923208597396706 0.2576159853228286 0.1707479403457409 0.2720892122980605 0.1683796807867997 0.28659237404014815
0 0.6650846773859562 0.29739395536009666 0.9078966321741367 0.2923805101540158 0.9021067300789214 0.23435255276017078 0.6629343232591185 0.23780652463636315 0.6650846773859562 0.29739395536009666