4 0.4184546686996938 0.8211236657321872 0.42506462717369903 0.8703516339959531 0.8626002940506552 0.8916696494318219 0.8560471504298869 0.8403788264964704 0.4184546686996938 0.8211236657321872
3 0.10868559679867286 0.795031068868034 0.11964916820180511 0.86366437618575 0.21799602256522116 0.8687902779976103 0.2140473268073416 0.8017973224328995 0.10868559679867286 0.795031068868034
5 0.2900415332426143 0.7507966750357632 0.28702897339713057 0.7812762880693797 0.6955709139428208 0.8035717296398653 0.6906052156728224 0.7735448770029939 0.2900415332426143 0.7507966750357632
6 0.2771624709661377 0.7434296838583757 0.7072094557860316 0.7679480352075863 0.7058653076006272 0.7399107500019763 0.2757916745904255 0.7163195508219394 0.2771624709661377 0.7434296838583757
9 0.4466138530031553 0.6908260476979767 0.4472569330341255 0.7155126566772266 0.5333953762254529 0.719585044614589 0.5340657261892191 0.6952457305872023 0.4466138530031553 0.6908260476979767
7 0.23212177718115193 0.67478566568008 0.7503341741964538 0.703147165547336 0.7350776551267281 0.42484309422278216 0.24765583600007915 0.39510568321200207 0.23212177718115193 0.67478566568008
8 0.3042809215147883 0.3582202156924886 0.30322548477668887 0.3805025370094354 0.674262649058412 0.4034536849739265 0.6730780627587405 0.38226821955236084 0.3042809215147883 0.3582202156924886
1 0.3039739422746238 0.35332726578835316 0.6718780860872465 0.37772081911476874 0.6700778743257688 0.3468099792639832 0.30480949525840406 0.3229896995050822 0.3039739422746238 0.35332726578835316
2 0.5635026578131269 0.2905770597581451 0.5642463469642828 0.30696469667128734 0.8359923167415366 0.3265148603743344 0.8349260869916688 0.311010902398043 0.5635026578131269 0.2905770597581451
10 0.5162433585585751 0.2856401194265815 0.8358478862472909 0.31006400747460167 0.8332644933373026 0.2954691484645709 0.5145309655989706 0.26919559420477307 0.5162433585585751 0.2856401194265815
0 0.09633553115319192 0.2884627119869612 0.33924841077210205 0.3024710615339142 0.3405161756985911 0.2429469293111682 0.101266348048004 0.23063328642626488 0.09633553115319192 0.2884627119869612