4 0.8444544898549973 0.814998653932416 0.4070850375513184 0.8043123188873506 0.4124748477212306 0.8534168259723044 0.8497361608553227 0.866167380324442 0.8444544898549973 0.814998653932416
3 0.20303877082211658 0.7889873675197208 0.0977837034071779 0.7842840208032149 0.10704717368178122 0.8527109608620284 0.20532405182473884 0.8559111568054041 0.20303877082211658 0.7889873675197208
5 0.6805776379591468 0.751397077427511 0.2803454764498431 0.7364919873110298 0.27657330658145446 0.7670343281159304 0.6847996462832101 0.7813303314791594 0.6805776379591468 0.751397077427511
6 0.26694453417082653 0.7022897684281787 0.26764206143488006 0.7293763606301696 0.6973307424382986 0.7454743232422032 0.6966829317819774 0.717459943739703 0.26694453417082653 0.7022897684281787
9 0.5258935063128779 0.6761545312797203 0.43850041696051006 0.6734472391679182 0.43853006144301404 0.6981242653591923 0.5246175884096476 0.7005099464373052 0.5258935063128779 0.6761545312797203
7 0.2467789601782508 0.3815877928278286 0.2242818200666964 0.6616061810569732 0.7420918814644563 0.6798208548631478 0.7337462384992025 0.4017816444392853 0.2467789601782508 0.3815877928278286
8 0.6727690006824852 0.3604159663918768 0.3043542635195073 0.3435887007017281 0.3027441791537041 0.36589441480870444 0.6734275208290604 0.38158081512107883 0.6727690006824852 0.3604159663918768
1 0.3057591227529695 0.3083435309697802 0.3041687638826371 0.3387011663932112 0.6716813899459266 0.35589151497538124 0.670648697658264 0.3250121630474109 0.3057591227529695 0.3083435309697802
2 0.8364833627100879 0.2859798149044983 0.5654093808114565 0.2708598810938021 0.5657460400378113 0.28723495158692447 0.8371647229505524 0.3014647809560295 0.8364833627100879 0.2859798149044983
10 0.5169407008392538 0.25043502004208235 0.5182452155157024 0.2668480116709346 0.8374292444054768 0.28501474900938084 0.8352072303922861 0.27046870974602183 0.5169407008392538 0.25043502004208235
0 0.10439338583468613 0.21996266854123475 0.09802180822287279 0.2778957333755879 0.34072834307527566 0.28714782931364086 0.343476865421206 0.22759159959298886 0.10439338583468613 0.21996266854123475