4 0.13977891815224466 0.08919594595964621 0.6411081995210942 0.14314202067728757 0.6420617113498144 0.08371104903745291 0.14554970206534662 0.016448333026191118 0.13977891815224466 0.08919594595964621
3 0.8525327216609329 0.07960758037494957 0.8484692137021911 0.17641370575564602 0.9550805989626879 0.18567032245734424 0.9551010589796632 0.0881892485571553 0.8525327216609329 0.07960758037494957
5 0.3096259061461359 0.15903239749067422 0.30966283693650803 0.2004551288736052 0.7808388131124698 0.24663624479023877 0.7873896295321116 0.2068629792644463 0.3096259061461359 0.15903239749067422
6 0.3084815359759363 0.21038300997372653 0.30806967994781026 0.2490424244070243 0.7841723497097375 0.29408692507793255 0.7833777313317043 0.2552755760916603 0.3084815359759363 0.21038300997372653
9 0.5888314530671386 0.33084265745745933 0.5911600631244283 0.2905442273285231 0.5014282646881685 0.2840399329849624 0.49909965463087885 0.3243383631138986 0.5888314530671386 0.33084265745745933
7 0.24622423124507165 0.7320517904108187 0.7836300548529326 0.7566635852121713 0.820458673738772 0.35856741539818393 0.2587919381422645 0.30596972823867136 0.24622423124507165 0.7320517904108187
8 0.3102622400679859 0.7625165414829018 0.30902341410737183 0.7937187243030391 0.7202225549068723 0.809955467566727 0.723126480982439 0.7767974066280549 0.3102622400679859 0.7625165414829018
1 0.3073517506876762 0.8519526129972951 0.7179922632538657 0.8656490860897831 0.7212549964539702 0.8189482439952895 0.3080966399195643 0.7999939568170757 0.3073517506876762 0.8519526129972951
2 0.11327857664537226 0.8955965270232094 0.11300740656632435 0.916879758035059 0.4336910639742791 0.9233381815648007 0.43264646847869587 0.9027095718863405 0.11327857664537226 0.8955965270232094
10 0.11402378870694525 0.9435219404120752 0.4886893439435242 0.9500951085937843 0.48618179396390115 0.9271430218121895 0.1128283658487388 0.9199781985941679 0.11402378870694525 0.9435219404120752
0 0.6722435701750697 0.8888407318508902 0.661976371275575 0.9835995228983779 0.8189527066180637 0.9883063247853565 0.9272225814229734 0.9867023266400986 0.9368347663287907 0.9026797544712883 0.6722435701750697 0.8888407318508902