4 0.5560387866444227 0.18104714130213392 0.5538605022263302 0.12710363722263546 0.07608135588845776 0.1745712804170257 0.0782596403065504 0.22851478449652415 0.5560387866444227 0.18104714130213392
3 0.8867949996290613 0.16780757170550428 0.8836916352539426 0.09095518850020279 0.7713109070912452 0.10212028088073188 0.7744142714663639 0.1789726640860334 0.8867949996290613 0.16780757170550428
5 0.25173597790468294 0.2491786311095737 0.25442181455664226 0.2781887567329103 0.7087387311071872 0.24026530159078788 0.7105266868665575 0.2095376003761512 0.25173597790468294 0.2491786311095737
6 0.25750014439406216 0.31691866806247443 0.7104663173645661 0.2778281977702082 0.7110275053061565 0.24668390090004239 0.25625440187615806 0.286068832275003 0.25750014439406216 0.31691866806247443
6 0.4369143263369292 0.3374629717442527 0.5380783878128933 0.3286072783030856 0.5385166984006426 0.3024838885871187 0.4371404375550994 0.3113869008006814 0.4369143263369292 0.3374629717442527
7 0.22639815492206755 0.6663372942172601 0.7552590081444792 0.618641559584577 0.7558049380636743 0.31548855546914445 0.20742623818299857 0.36381031852409235 0.22639815492206755 0.6663372942172601
8 0.2904428264584193 0.684869864372391 0.29237974006445966 0.70629704561194 0.6954505335979806 0.6689209874548199 0.6982583595477293 0.6455544111207983 0.2904428264584193 0.684869864372391
1 0.29154636355605257 0.7520203486883333 0.6981737400431053 0.7098200937655564 0.694342952418961 0.6746594099342773 0.2888727777767378 0.7123500592236984 0.29154636355605257 0.7520203486883333
2 0.09059494532099156 0.8142359747705332 0.09382824709343797 0.8315626317571314 0.42079669523434193 0.7951913508092164 0.41747362244726216 0.7779060960835968 0.09059494532099156 0.8142359747705332
10 0.09543020432720156 0.8533110694531175 0.4730603902833839 0.8097082591397294 0.47085546649370047 0.7909782198565245 0.09282800319700867 0.8336903486095646 0.09543020432720156 0.8533110694531175
0 0.6698745176191314 0.7397034764981181 0.6716216439937912 0.8128225726325468 0.9400447960908453 0.7876744233357059 0.9370222819955123 0.712824233857369 0.6698745176191314 0.7397034764981181