4 0.6021703416034326 0.19307311417875453 0.6084925393455075 0.13895188058894095 0.13359001776111837 0.11140306589576954 0.12726782001904344 0.16552429948558312 0.6021703416034326 0.19307311417875453
3 0.927860294158701 0.23170630511589016 0.9368674206304552 0.15460071373164827 0.825163317194737 0.14812082468883842 0.816156190722983 0.2252264160730803 0.927860294158701 0.23170630511589016
5 0.29376058570200037 0.21331083505599494 0.29184227639016525 0.24265385938254325 0.742293453843232 0.27604116006708784 0.7488581266120853 0.24568685534051424 0.29376058570200037 0.21331083505599494
6 0.2887848047585295 0.28174869352616283 0.738097283398507 0.3137608448075878 0.7435269587076134 0.28279896207225436 0.29240041641533815 0.25079721572819597 0.2887848047585295 0.28174869352616283
6 0.46110595025193263 0.33034656467575857 0.5614736503114215 0.33737109063673854 0.5659962779475466 0.3113956289871992 0.46541354460649303 0.3043850246341125 0.46110595025193263 0.33034656467575857
7 0.20359713128787263 0.6252334465763136 0.7285142500018085 0.6605598442552185 0.7765553122233058 0.3584119535472552 0.23244363254783185 0.32065105572058644 0.20359713128787263 0.6252334465763136
8 0.2633548510981698 0.6537462021403813 0.26189210648873973 0.675411920339756 0.6621177822494967 0.7013142094783533 0.668526748909297 0.6784585241847162 0.2633548510981698 0.6537462021403813
1 0.2539114521580717 0.720865931940993 0.6583729211402285 0.7425160075673103 0.6601348491216756 0.706861657108806 0.25751229549870563 0.6808969993230841 0.2539114521580717 0.720865931940993
2 0.04754880203264676 0.7514018660142915 0.04799704718295904 0.7691826543605644 0.3736059688346757 0.7841607216299518 0.37306340270293875 0.7664071419982859 0.04754880203264676 0.7514018660142915
10 0.0461562340081351 0.7911161637366917 0.4224663552568117 0.8068238066641162 0.4232442085810097 0.7878050494081976 0.046684965361768034 0.7711471695603456 0.0461562340081351 0.7911161637366917
0 0.6260016724599308 0.7678739907750943 0.6162526302574612 0.8410450841406735 0.8828214785562447 0.8580376427054648 0.8915939472156117 0.7829408417444298 0.6260016724599308 0.7678739907750943