4 0.4017233238779477 0.21046826082801534 0.879023857955756 0.18898955929807532 0.8761879033268415 0.13485531431223652 0.39888736924903323 0.15633401584217654 0.4017233238779477 0.21046826082801534
3 0.0731142305801768 0.2449139830955015 0.18538238205402985 0.2398618745293881 0.18134204623207456 0.16273774603283908 0.06907389475822152 0.16778985459895246 0.0731142305801768 0.2449139830955015
5 0.7092285250715764 0.23460057420770283 0.25144711443053286 0.26115218894811093 0.25606043766128594 0.2915521593002873 0.7092547223507428 0.26393146890782604 0.7092285250715764 0.23460057420770283
6 0.7097919148226762 0.30301651787748535 0.70817005624868 0.2720575989716855 0.25438898822338074 0.29828587538973417 0.2578266040669946 0.32927824236295505 0.7097919148226762 0.30301651787748535
6 0.5341082161137846 0.3493637822992999 0.5314712834217682 0.32337979747946716 0.43030473660764446 0.3291033094945777 0.43315608408592654 0.35510393159337533 0.5341082161137846 0.3493637822992999
7 0.7729126267045872 0.6471565871197543 0.7636947144188073 0.34258655046852565 0.21643540590203578 0.37338500580411105 0.245030098043717 0.675767527236517 0.7729126267045872 0.6471565871197543
8 0.7112359812528258 0.6748743666667845 0.3039401418898934 0.6944063552898612 0.30888172505237105 0.717315057544731 0.7113017262708896 0.6965317178181741 0.7112359812528258 0.6748743666667845
1 0.7163579231505733 0.7420306035428743 0.7153330890243845 0.7020656376598843 0.3105090575406755 0.7228808050009928 0.30997116137454694 0.7585131852944689 0.7163579231505733 0.7420306035428743
2 0.9210180220881602 0.7751513354787761 0.5941101109084516 0.7860007709416953 0.5924205283996916 0.8037253645234009 0.9194211267444778 0.7929043027048301 0.9210180220881602 0.7751513354787761
10 0.9198481426319826 0.8148339169399377 0.9206080750999571 0.794883049592096 0.5424822569870583 0.8067342741484705 0.5420331260023169 0.8257392531744928 0.9198481426319826 0.8148339169399377
0 0.3407473121927723 0.784251042911818 0.07383588663906038 0.7959235672951002 0.07777096176902203 0.8710384224310445 0.34578457289414477 0.8574549984390494 0.3407473121927723 0.784251042911818