4 0.5828333333333334 0.20275 0.5828333333333334 0.14856250000000001 0.10487777777777779 0.14856250000000001 0.10487777777777779 0.20275 0.5828333333333334 0.20275
3 0.9129222222222221 0.22238125 0.9129222222222221 0.14518125 0.8005 0.14518125 0.8005 0.22238125 0.9129222222222221 0.22238125
5 0.2768933333333333 0.240668125 0.2784022222222222 0.26996 0.7325966666666667 0.27717687500000004 0.7356144444444445 0.24661125 0.2768933333333333 0.240668125
6 0.27991111111111106 0.309015625 0.7328066666666666 0.3149306250000001 0.7346188888888889 0.28382625 0.27991111111111106 0.27802625000000003 0.27991111111111106 0.309015625
6 0.45784777777777774 0.347404375 0.5590011111111111 0.3486 0.5604888888888888 0.32250687499999997 0.45912222222222215 0.3213375 0.45784777777777774 0.347404375
7 0.23486333333333334 0.6555206250000002 0.7637244444444443 0.6603700000000001 0.7764655555555555 0.35711687499999994 0.2281322222222222 0.35095375 0.23486333333333334 0.6555206250000002
8 0.29793 0.68042875 0.2989977777777778 0.7020593750000002 0.7021099999999999 0.7047300000000001 0.7058477777777777 0.6816306249999999 0.29793 0.68042875
1 0.29632777777777775 0.747723125 0.7031777777777778 0.745920625 0.7007755555555555 0.7103612499999999 0.29525999999999997 0.707766875 0.29632777777777775 0.747723125
2 0.09360222222222223 0.7899956250000001 0.09612666666666667 0.8076525000000001 0.42337222222222226 0.80376375 0.4207566666666666 0.7861393750000002 0.09360222222222223 0.7899956250000001
10 0.09684777777777777 0.8295712500000001 0.47486222222222213 0.8234831250000001 0.47341888888888883 0.8045243750000002 0.09504444444444446 0.809681875 0.09684777777777777 0.8295712500000001
0 0.6737788888888888 0.77300625 0.6725777777777778 0.84633625 0.9410388888888888 0.8478568750000001 0.9410388888888888 0.772668125 0.6737788888888888 0.77300625