4 0.9125783274373132 0.8230190829930222 0.9091988096420326 0.7689635810195677 0.43216056317442625 0.8023040751815378 0.43554008096970676 0.8563595771549921 0.9125783274373132 0.8230190829930222
3 0.21850204660619726 0.8749162497182376 0.21368730568263267 0.7979043050381791 0.10148084813755084 0.8057464828308798 0.10629558906111541 0.8827584275109382 0.21850204660619726 0.8749162497182376
5 0.2780428717595799 0.7385054623378555 0.27693717551598823 0.7692071405478994 0.7351485484934874 0.7431370212510018 0.7318157059149383 0.7140217545544578 0.2780428717595799 0.7385054623378555
6 0.27560982835249176 0.7320133479725084 0.7298066442342614 0.7060804083022101 0.7278739264621346 0.6751665218621896 0.27547868250435636 0.7008583274348449 0.27560982835249176 0.7320133479725084
6 0.4469932331310136 0.6812802522578623 0.5482382838707659 0.6753757974972721 0.5478845666855351 0.6492835193442282 0.44685080270564226 0.6551469066674338 0.4469932331310136 0.6812802522578623
7 0.22927255077683054 0.6618203311560469 0.7769378798167854 0.629718643323609 0.7512247313705055 0.3263632164991223 0.22307618757132233 0.3584171405444048 0.22927255077683054 0.6618203311560469
8 0.2818057743923616 0.3098671928987312 0.2795158115599659 0.3331710331796188 0.6867256566834444 0.3059150747172073 0.6843108886446899 0.2844116252450759 0.2818057743923616 0.3098671928987312
1 0.2827864529336728 0.3041565742018539 0.6876855324654282 0.2784572942308012 0.6841278481489873 0.2386728600601272 0.27817110567400977 0.26885139060351787 0.2827864529336728 0.3041565742018539
2 0.5538321400173454 0.1916309196592611 0.5575418570483331 0.20902991063512152 0.8838279120238709 0.1823619138521444 0.8802071043092616 0.16492414645482031 0.5538321400173454 0.1916309196592611
10 0.5038340866876221 0.19436322649284643 0.8811606832379015 0.1628242229042946 0.8781203680786461 0.1431090915964766 0.5012111209958476 0.17555134089875363 0.5038340866876221 0.19436322649284643
0 0.034409036602573675 0.18375580453719056 0.039098341675328406 0.25876139852116387 0.30582431901799045 0.23978098200381495 0.3024497447081919 0.16654582492257608 0.034409036602573675 0.18375580453719056