4 0.6398041798177666 0.11439894018532426 0.6429565273000999 0.03621196879264933 0.19217941779643063 0.001423551242936523 0.07193331402654426 0.0005328393631595872 0.06911815368346126 0.0703566333592166 0.6398041798177666 0.11439894018532426
3 0.990737150215776 0.05085122668210459 0.8408196777879959 0.03928144747446556 0.8369858464303624 0.13437111140382557 0.9869033188581425 0.14594089061146462 0.990737150215776 0.05085122668210459
5 0.6410326567466237 0.21740692960311653 0.4028868910690829 0.19902819173151456 0.40135917323486303 0.23691983637717756 0.6395049389124039 0.25529857424877955 0.6410326567466237 0.21740692960311653
6 0.7168293284254679 0.2720198105142665 0.3279783377018454 0.2420104991612401 0.32657389169489837 0.2768446601739874 0.7154248824185209 0.30685397152701377 0.7168293284254679 0.2720198105142665
9 0.5643874194257682 0.3166426255632209 0.4758874873421104 0.3098127033565734 0.47460592551518055 0.3415989954648103 0.5631058575988384 0.34842891767145795 0.5643874194257682 0.3166426255632209
7 0.7869277166514757 0.38855520366815843 0.2564714018173231 0.3476175975136422 0.24186136440196926 0.7099870963845875 0.772317679236122 0.7509247025391035 0.7869277166514757 0.38855520366815843
8 0.6486047784815034 0.7633863228468001 0.3573672027187849 0.7409102605574901 0.35648220403430786 0.7628606855070076 0.6477197797970264 0.7853367477963176 0.6486047784815034 0.7633863228468001
1 0.6469538059247797 0.7909872640155095 0.3565175647220573 0.7685730441771191 0.3549983751274602 0.8062531647978636 0.6454346163301824 0.8286673846362539 0.6469538059247797 0.7909872640155095
2 0.3726769112103295 0.9013489745006487 0.08278394767540134 0.8789766817476276 0.08190864017231375 0.9006867384870101 0.3718016037072419 0.9230590312400311 0.3726769112103295 0.9013489745006487
10 0.44390148313285666 0.93656083319739 0.07944365969318914 0.908434047977442 0.0782318743722627 0.9384896889727079 0.4426896978119302 0.9666164741926558 0.44390148313285666 0.93656083319739
0 0.9889834202976543 0.9283303390983356 0.6875458063221015 0.9050670957812182 0.6837182952128439 1 0.9860938381706221 1 0.9889834202976543 0.9283303390983356