4 0.10240279362945406 0.9381833073026132 0.1096379703078936 1 0.3152408141370554 1 0.6788021127278755 0.9708098862649502 0.6696528189214708 0.8926391505987404 0.10240279362945406 0.9381833073026132
3 0.8652825755069349 0.872148546215937 0.8764097909207743 0.967218464531089 1 0.9572954824272609 1 0.8613321668095266 0.8652825755069349 0.872148546215937
5 0.4218340895248595 0.7707600260877538 0.426268099226168 0.8086438024355812 0.6629800308619008 0.7896383465917592 0.6585460211605922 0.751754570243932 0.4218340895248595 0.7707600260877538
6 0.3439939790081062 0.7310366375351449 0.3480702076677968 0.7658635651444266 0.7345799945236784 0.7348309313581474 0.7305037658639877 0.7000040037488658 0.3439939790081062 0.7310366375351449
9 0.487044100444589 0.665898131535657 0.49076367316027686 0.697677823138275 0.5787307626172424 0.6906149994655052 0.5750111899015545 0.6588353078628875 0.487044100444589 0.665898131535657
7 0.22606620364323363 0.29816164633025977 0.26847000766064466 0.6604558982392342 0.7957325377145501 0.6181223130084652 0.7533287336971392 0.25582806109949074 0.22606620364323363 0.29816164633025977
8 0.3366198158264902 0.24499087159489485 0.3391884136818791 0.26693673848200206 0.6286724988914726 0.24369423878660626 0.6261039010360838 0.22174837189949906 0.3366198158264902 0.24499087159489485
1 0.3318077537448912 0.2016067016313509 0.33621701129866643 0.23927899787776954 0.6249045866436255 0.21610044947100066 0.6204953290898502 0.17842815322458203 0.3318077537448912 0.2016067016313509
2 0.051502217504350585 0.10790349993398654 0.05404268791936063 0.12960904852403832 0.3421902565764314 0.10647385692311817 0.3396497861614214 0.08476830833306641 0.051502217504350585 0.10790349993398654
10 0.044926180604963 0.070114081114204 0.04844323574992378 0.10016348097802251 0.4107067223196313 0.07107756777435457 0.4071896671746705 0.04102816791053606 0.044926180604963 0.070114081114204
0 0.6453720523046476 0.004780533720775166 0.656742080820858 0.10192502513887573 0.9563647915955502 0.07786850141366859 0.9480728332073248 0.0070227617274616645 0.6453720523046476 0.004780533720775166