4 0.948624789831517 0.9619891603759526 0.9489985662903946 0.8835927266656457 0.37796736590019575 0.8977844692483873 0.3775935894413181 0.9761809029586943 0.948624789831517 0.9619891603759526
3 0.18004328957554047 0.993284357393558 0.18049787014345725 0.8979399489583716 0.030489721495091854 0.9016680762997088 0.03003514092717507 0.9970124847348951 0.18004328957554047 0.993284357393558
5 0.6113795152213081 0.7891268975697381 0.6115606579936197 0.7511337414885381 0.37327085201423577 0.7570559180425337 0.37308970924192436 0.7950490741237338 0.6113795152213081 0.7891268975697381
6 0.6846046386172702 0.7385705232886323 0.6847711649466496 0.7036430418163694 0.2956849812355879 0.7133129354368152 0.2955184549062085 0.7482404169090779 0.6846046386172702 0.7385705232886323
9 0.5346070035140978 0.6859419654343687 0.5347589593642023 0.6540705180848515 0.4462054989010071 0.6562713223751354 0.44605354305090267 0.6881427697246525 0.5346070035140978 0.6859419654343687
7 0.7522152448946713 0.6258256882308169 0.753947569164056 0.26248540415460475 0.22317041264923845 0.2756767197410572 0.22143808837985363 0.6390170038172692 0.7522152448946713 0.6258256882308169
8 0.6375916111699268 0.2433801965507621 0.6376965461989009 0.2213709665752789 0.34628281803556565 0.22861342305111612 0.3461778830065916 0.2506226530265993 0.6375916111699268 0.2433801965507621
1 0.637458748629984 0.2156703849505205 0.6376388802018411 0.17788931956553608 0.34702697127842685 0.18511184856237908 0.3468468397065699 0.2228929139473635 0.637458748629984 0.2156703849505205
2 0.9066950233762825 0.07752254904912902 0.9067988093138312 0.05575433122843635 0.6167305066547709 0.062963350070029 0.616626720717222 0.08473156789072167 0.9066950233762825 0.07752254904912902
10 0.9089838821477544 0.04776684597948882 0.9091275645395954 0.017630686144464273 0.5444493020980086 0.02669397379416898 0.5443056197061676 0.05683013362919352 0.9089838821477544 0.04776684597948882
0 0.3022970331635677 0.11311391066612392 0.30278930393023995 0.009864303553803725 0.0011693681536662174 0.017360413194466514 0.0006770973869939446 0.1206100203067867 0.3022970331635677 0.11311391066612392