4 0.6089945652173915 0.10110896817743491 0.6089945652173915 0.02269045323047252 0.03809782608695652 0.02269045323047252 0.03809782608695652 0.10110896817743491 0.6089945652173915 0.10110896817743491
3 0.9564130434782611 0.10586306653809066 0.9564130434782611 0.01049180327868852 0.8064402173913044 0.01049180327868852 0.8064402173913044 0.10586306653809066 0.9564130434782611 0.10586306653809066
5 0.6143614130434784 0.2420106075216972 0.6143614130434784 0.20400675024108003 0.37612771739130435 0.20400675024108003 0.37612771739130435 0.2420106075216972 0.6143614130434784 0.2420106075216972
6 0.6921467391304348 0.28770009643201544 0.6921467391304348 0.2527627772420444 0.30315217391304344 0.2527627772420444 0.30315217391304344 0.28770009643201544 0.6921467391304348 0.28770009643201544
9 0.5419157608695652 0.34102217936354867 0.5419157608695652 0.3091417550626809 0.45338315217391306 0.3091417550626809 0.45338315217391306 0.34102217936354867 0.5419157608695652 0.34102217936354867
7 0.7667391304347828 0.727314368370299 0.7667391304347828 0.36387174541947925 0.2360869565217392 0.36387174541947925 0.2360869565217392 0.727314368370299 0.7667391304347828 0.727314368370299
8 0.6438654891304347 0.7713355834136933 0.6438654891304347 0.7493201542912248 0.35252038043478273 0.7493201542912248 0.35252038043478273 0.7713355834136933 0.6438654891304347 0.7713355834136933
1 0.6433288043478262 0.8148360655737705 0.6433288043478262 0.7770443587270974 0.35278532608695656 0.7770443587270974 0.35278532608695656 0.8148360655737705 0.6433288043478262 0.8148360655737705
2 0.37423913043478263 0.9303278688524591 0.37423913043478263 0.9085535197685632 0.08423913043478262 0.9085535197685632 0.08423913043478262 0.9303278688524591 0.37423913043478263 0.9303278688524591
10 0.4466847826086957 0.9684088717454196 0.4466847826086957 0.9382642237222759 0.08209239130434785 0.9382642237222759 0.08209239130434785 0.9684088717454196 0.4466847826086957 0.9684088717454196
0 0.9899456521739132 0.9912536162005787 0.9899456521739132 0.8879749276759884 0.6883967391304348 0.8879749276759884 0.6883967391304348 0.9912536162005787 0.9899456521739132 0.9912536162005787