4 0.6431895364247203 0.012433283948144946 0.33385067028761345 0 0.07186335909968221 0 0.06963563501543046 0.06787336564234311 0.6406166518415414 0.09082285530670696 0.6431895364247203 0.012433283948144946
3 0.9910595352907922 0.014205018907448606 0.8410645697111212 0.008176258211669448 0.837935471269454 0.10351232077145535 0.987930436849125 0.1095410814672345 0.9910595352907922 0.014205018907448606
5 0.6426082509971958 0.19389840072369668 0.404339386486057 0.1843216395314706 0.40309249296142496 0.2223114699205622 0.6413613574725638 0.23188823111278828 0.6426082509971958 0.19389840072369668
6 0.7188053914895697 0.24576332621170868 0.3297534015868718 0.2301261257478423 0.32860712012537935 0.26505054987869203 0.7176591100280773 0.2806877503425584 0.7188053914895697 0.24576332621170868
9 0.5667024606985639 0.2960823568841622 0.4781567825216173 0.2925234327408666 0.47711079673312873 0.3243920902557959 0.5656564749100753 0.3279510143990916 0.5667024606985639 0.2960823568841622
7 0.7897633472303984 0.3598298261001664 0.25903283665967664 0.33849812853409 0.24710840883682558 0.7018066079896784 0.7778389194075473 0.7231383055557546 0.7897633472303984 0.3598298261001664
8 0.6542251367936617 0.7401965693196567 0.36283701875371943 0.7284847813508586 0.36211470007401 0.750492084770878 0.6535028181139523 0.762203872739676 0.6542251367936617 0.7401965693196567
1 0.652778751143822 0.7678889667914868 0.3621923818780416 0.7562094035808925 0.36095244893639405 0.7939871618389107 0.6515388182021744 0.8056667250495052 0.652778751143822 0.7678889667914868
2 0.3793345828335322 0.8885324476592591 0.0892917720587093 0.876874731742362 0.08857736313239135 0.8986410441043433 0.3786201739072143 0.9102987600212403 0.3793345828335322 0.8885324476592591
10 0.45081613167017703 0.921144429901702 0.08616991801146263 0.906488172924846 0.08518088244739268 0.9366216948219026 0.44982709610610705 0.9512779517987587 0.45081613167017703 0.921144429901702
0 0.9958071737885701 0.8927122499748544 0.694213745080904 0.8805902790668889 0.6909304158314982 0.9806253813690531 0.9932156805871171 0.9716687809318495 0.9958071737885701 0.8927122499748544