4 0.6093206521739132 0.09419961427193828 0.6093206521739132 0.02078592092574735 0.04820652173913042 0.02078592092574735 0.04820652173913042 0.09419961427193828 0.6093206521739132 0.09419961427193828
3 0.9538654891304349 0.10383799421407909 0.9538654891304349 0.00632594021215043 0.8112975543478262 0.00632594021215043 0.8112975543478262 0.10383799421407909 0.9538654891304349 0.10383799421407909
5 0.6415625 0.17972999035679849 0.6415625 0.14129218900675022 0.3550679347826087 0.14129218900675022 0.3550679347826087 0.17972999035679849 0.6415625 0.17972999035679849
6 0.6890896739130434 0.2146624879459981 0.6890896739130434 0.18176952748312442 0.30618206521739133 0.18176952748312442 0.30618206521739133 0.2146624879459981 0.6890896739130434 0.2146624879459981
9 0.5482269021739131 0.25682738669238186 0.5482269021739131 0.22901639344262298 0.4541915760869565 0.22901639344262298 0.4541915760869565 0.25682738669238186 0.5482269021739131 0.25682738669238186
7 0.8601766304347825 0.783191899710704 0.8601766304347825 0.26043394406943104 0.13577445652173917 0.26043394406943104 0.13577445652173917 0.783191899710704 0.8601766304347825 0.783191899710704
8 0.6483627717391305 0.8169768563162969 0.6483627717391305 0.7917984570877531 0.3415013586956522 0.7917984570877531 0.3415013586956522 0.8169768563162969 0.6483627717391305 0.8169768563162969
1 0.6534510869565218 0.863953712632594 0.6534510869565218 0.8216779170684668 0.3428532608695652 0.8216779170684668 0.3428532608695652 0.863953712632594 0.6534510869565218 0.863953712632594
2 0.38358695652173913 0.9302073288331727 0.38358695652173913 0.8872275795564128 0.07942934782608695 0.8872275795564128 0.07942934782608695 0.9302073288331727 0.38358695652173913 0.9302073288331727
10 0.43959239130434785 0.9663452266152363 0.43959239130434785 0.9354291224686597 0.08078804347826089 0.9354291224686597 0.08078804347826089 0.9663452266152363 0.43959239130434785 0.9663452266152363
0 0.9538722826086956 0.9892381870781101 0.9538722826086956 0.8862680810028931 0.6646603260869566 0.8862680810028931 0.6646603260869566 0.9892381870781101 0.9538722826086956 0.9892381870781101