4 0.6836505419338776 1 0.8963379763180349 1 0.9015784526294256 0.9431598831627889 0.3427009756394876 0.8998722638733274 0.33595245390537004 0.973069191223602 0.6836505419338776 1
3 0 0.9615683755778818 0.1334514231498644 0.9719047992785852 0.14241517617434835 0.8746806656432276 0.0004155305243066468 0.8636821429737442 0 0.8681891385496386 0 0.9615683755778818
5 0.6002691822892792 0.8725332764184391 0.6038025604098876 0.8342089689945333 0.31844998934567526 0.8121071059421436 0.31491661122506676 0.8504314133660495 0.6002691822892792 0.8725332764184391
6 0.6526810498838331 0.8359467952657543 0.6557047209248256 0.8031509566749508 0.2743234177980292 0.7736112286780599 0.2712997467570369 0.8064070672688635 0.6526810498838331 0.8359467952657543
9 0.5096046663203324 0.7774211158317771 0.5121611797422678 0.7496922391106172 0.418500687266909 0.7424378051646061 0.4159441738449736 0.7701666818857661 0.5096046663203324 0.7774211158317771
7 0.8296405900782118 0.770660885916264 0.8776948870973249 0.24944645905978224 0.1561802480543802 0.19356184697113554 0.10812595103526702 0.7147762738276171 0.8296405900782118 0.770660885916264
8 0.673579185644027 0.22499433988001205 0.6758936990090315 0.1998902840135249 0.37025546428052764 0.17621720343692343 0.36794095091552304 0.2013212593034106 0.673579185644027 0.22499433988001205
1 0.6749793286025283 0.19509881029103848 0.6788655126669406 0.15294784096178538 0.36950575858708246 0.12898651167327044 0.3656195745226701 0.17113748100252354 0.6749793286025283 0.19509881029103848
2 0.9433788333999898 0.15006475223382942 0.9473297281023361 0.10721190773098242 0.6443845201044488 0.08374741440409282 0.6404336254021026 0.12660025890693985 0.9433788333999898 0.15006475223382942
10 0.9464564594401415 0.10190071458603772 0.9492984088266619 0.07107589531834035 0.5919242887155116 0.04339563355757467 0.5890823393289911 0.07422045282527202 0.9464564594401415 0.10190071458603772
0 0.07233330851834364 0.08356178552820939 0.3603924391108136 0.10587328400744515 0.36985792119105876 0.0032072140946336363 0.36318347904439713 0.00269024799292146 0.07998281350706019 0.0005924652852374829 0.07233330851834364 0.08356178552820939