4 0.40290687784352486 0.8885719986675602 0.40178000135021913 0.9619989233456699 0.9211073731120423 0.9738053233755554 0.9632466426281641 0.9725567524269295 0.9643396669593008 0.9013356241928391 0.40290687784352486 0.8885719986675602
3 0.0568175401374437 0.968624171859409 0.199466439749818 0.9718671551185679 0.2009632182997074 0.8743375265430989 0.058314318687333076 0.87109454328394 0.0568175401374437 0.968624171859409
5 0.3713695755787303 0.8407375332975667 0.658026842063675 0.8472544059748399 0.6586168499058289 0.808809676989296 0.37195958342088403 0.8022928043120229 0.3713695755787303 0.8407375332975667
6 0.32443672489570696 0.7991718021601719 0.7075617881641654 0.8078817758768994 0.7080666844886978 0.7749828871238411 0.32494162122023945 0.7662729134071138 0.32443672489570696 0.7991718021601719
9 0.4661047172366837 0.7551206169392974 0.5601934463148543 0.7572596322005801 0.5606203360832366 0.7294436265823393 0.46653160700506596 0.7273046113210567 0.4661047172366837 0.7551206169392974
7 0.15446008089180938 0.7166015043697601 0.8792736453379496 0.7330794320782632 0.8872978111992532 0.21022725989905292 0.16248424675311302 0.19374933219054974 0.15446008089180938 0.7166015043697601
8 0.3745505031587315 0.18995933930608452 0.6815861838740157 0.19693949530609475 0.6819726641740316 0.17175655818084273 0.37493698345874754 0.16477640218083248 0.3745505031587315 0.18995933930608452
1 0.36991793833425296 0.15995875059235107 0.6806921540150762 0.16702389852948785 0.6813410738294268 0.12474048360911061 0.3705668581486038 0.11767533567197384 0.36991793833425296 0.15995875059235107
2 0.6409414917127121 0.10053585539649888 0.9452718325802059 0.10745450814018843 0.9459315578567937 0.06446701263377379 0.6416012169893001 0.057548359890084236 0.6409414917127121 0.10053585539649888
10 0.5856441293706123 0.05105167325988359 0.9446522434431921 0.05921337171674739 0.9451267956614422 0.028291695568314637 0.5861186815888624 0.020129997111450835 0.5856441293706123 0.05105167325988359
0 0.07031757059756341 0.08852328478198156 0.35969377160290034 0.09510196977716495 0.36115329308876903 0 0.0716761295889461 0 0.07031757059756341 0.08852328478198156