4 0.9433454326651215 0 0.7418755563965762 0 0.38216391593092963 0.014270536915678459 0.38290143923352793 0.08764457687602245 0.9440026484674063 0.06538448123541836 0.9433454326651215 0
3 0.1800463980266615 0.007831041549840845 0.0374817462640801 0.013486888892493222 0.03846136476347244 0.11094627311408772 0.1810260165260538 0.10529042577143534 0.1800463980266615 0.007831041549840845
5 0.6376213997511759 0.1246251935946764 0.351133431861555 0.1359907894268663 0.35151958290374036 0.17440782913288636 0.6380075507933612 0.1630422333006965 0.6376213997511759 0.1246251935946764
6 0.6869127840759895 0.1631413055344723 0.30401399288442693 0.1783317267496281 0.30434443974967884 0.21120692053719325 0.6872432309412416 0.19601649932203744 0.6869127840759895 0.1631413055344723
9 0.5393813295596414 0.21623437319208674 0.4453481688955008 0.21996487156800382 0.4456275616716328 0.24776084309639365 0.5396607223357733 0.2440303447204766 0.5393813295596414 0.21623437319208674
7 0.8581067414025496 0.23500295078744274 0.13372124884810507 0.2637408862606968 0.1389729417725571 0.7862164814597312 0.8633584343270015 0.7574785459864771 0.8581067414025496 0.23500295078744274
8 0.6577227321528722 0.7742418968068151 0.35086838544002563 0.7864154708308123 0.3511213308417179 0.8115802702970488 0.6579756775545647 0.7994066962730515 0.6577227321528722 0.7742418968068151
1 0.6566710339662855 0.8041588494537619 0.3460803602511792 0.8164806516316934 0.34650506827148536 0.8587336125125745 0.6570957419865915 0.846411810334643 0.6566710339662855 0.8041588494537619
2 0.9207474011955912 0.8592227518447205 0.6165967965680159 0.8712890625864164 0.6170285765968719 0.9142455969491189 0.9211791812244472 0.9021792862074228 0.9207474011955912 0.8592227518447205
10 0.9198729756631359 0.9074521605105573 0.5610768902970587 0.9216863753799716 0.5613874774122735 0.9525857806226964 0.9201835627783507 0.9383515657532818 0.9198729756631359 0.9074521605105573
0 0.33552026024805254 0.8814806125488196 0.046314963629515746 0.8929540106747799 0.04734941441437645 0.9958684988787141 0.33655471103291323 0.9843951007527542 0.33552026024805254 0.8814806125488196