4 0.6009405632306083 0.018950999097387847 0.039911893195708016 0.0287437909594386 0.04119313881004784 0.1021463030445457 0.602221808844948 0.09235351118249495 0.6009405632306083 0.018950999097387847
3 0.9452070931084826 0 0.8581046437810791 0 0.802634341883534 0.0009682377212094722 0.8043361618825101 0.09846544016500343 0.9468823828781082 0.09597728662225323 0.9452070931084826 0
5 0.6352806248358943 0.13887621565752692 0.34882969412845305 0.14387623525177365 0.3495005262601697 0.18230818233849855 0.6359514569676109 0.17730816274425182 0.6352806248358943 0.13887621565752692
6 0.6835069870927368 0.17851792568324873 0.3006576970805437 0.18520058489813357 0.30123175839546723 0.21808853560380814 0.6840810484076605 0.2114058763889233 0.6835069870927368 0.17851792568324873
9 0.5434902409436395 0.22821599006048995 0.4494692368923163 0.22985713279082207 0.4499546056499356 0.25766389029160347 0.5439756097012589 0.25602274756127136 0.5434902409436395 0.22821599006048995
7 0.8559407696127352 0.25418448219655443 0.1316489256594996 0.26682704335973656 0.14077230996967452 0.7895053804323304 0.8650641539229101 0.7768628192691482 0.8559407696127352 0.25418448219655443
8 0.653432760641251 0.7891647273768279 0.34661808407729594 0.7945201974771818 0.3470575077340726 0.8196947619135687 0.6538721842980277 0.8143392918132148 0.653432760641251 0.7891647273768279
1 0.6590417693632988 0.8189508332258072 0.34849124882966975 0.8243715127252135 0.3492290631963144 0.8666408694809088 0.6597795837299435 0.8612201899815025 0.6590417693632988 0.8189508332258072
2 0.3903627398942642 0.8892002906698513 0.08625145587563673 0.8945085728778 0.08700155592858728 0.9374817761305679 0.39111283994721474 0.9321734939226192 0.3903627398942642 0.8892002906698513
10 0.4472008776956958 0.9364170626431203 0.08845117750969059 0.9426790619528456 0.08899073792471403 0.9735904574270151 0.44774043811071923 0.96732845811729 0.4472008776956958 0.9364170626431203
0 0.9605444632050867 0.8782880869565204 0.6713765550651553 0.8833355315682596 0.6731736312072703 0.9862899547975745 0.9623415393472016 0.9812425101858351 0.9605444632050867 0.8782880869565204