4 0.5397436087117335 0.10284762450265912 0.5439964910343883 0.03960651656506715 0.06655851271681355 0.011026284736942796 0.06230563039415884 0.07426739267453478 0.5397436087117335 0.10284762450265912
3 0.9783419039567861 0.15486017260270246 0.9854973430989848 0.048457534391404815 0.847614502278603 0.040203638105957576 0.8404590631364045 0.14660627631725523 0.9783419039567861 0.15486017260270246
5 0.5979133561918559 0.23041228826602522 0.5999375584222335 0.2003120451774949 0.42496057281477584 0.18983763166127243 0.42293637058439826 0.21993787474980275 0.5979133561918559 0.23041228826602522
6 0.7043254376248368 0.2718470063227884 0.7063399946730491 0.24189018878900018 0.31308240560363065 0.21834913513554072 0.31106784855541814 0.24830595266932895 0.7043254376248368 0.2718470063227884
9 0.5480409894676569 0.2906825330718872 0.5496588080228124 0.26662528668982177 0.47313857659801073 0.2620446583087928 0.4715207580428551 0.2861019046908583 0.5480409894676569 0.2906825330718872
7 0.7645222261580282 0.6959726466102455 0.7903391637532183 0.31207024508404124 0.21937947098343202 0.2778916478107827 0.193562533388242 0.661794049336987 0.7645222261580282 0.6959726466102455
8 0.6574696056560569 0.7221569620864353 0.6594372228177328 0.6928981489190585 0.30909007536055694 0.6719257857025156 0.30712245819888123 0.7011845988698924 0.6574696056560569 0.7221569620864353
1 0.6538302355603192 0.7646359724955327 0.6565521059673038 0.724161280947328 0.30776410567771323 0.7032822508746224 0.30504223527072843 0.7437569424228272 0.6538302355603192 0.7646359724955327
2 0.19306386197702655 0.9590726501963255 0.19411840189374166 0.9433914562111954 0 0.9317712056651907 0 0.9475155261644661 0.19306386197702655 0.9590726501963255
10 0.19288903194358373 0.9762465343928439 0.19391527932594796 0.9609860553682905 0 0.9493779640771854 0 0.9646998759776997 0.19288903194358373 0.9762465343928439
0 0.6929752218801299 1 0.9419871745941917 1 0.9482342273721749 0.907105226749452 0.6097365983886484 0.8868421954260733 0.6024911375462423 0.9945834721482967 0.6929752218801299 1