4 0.5002341220396387 0.0818859022697559 0.9778575885515669 0.09276950614579575 0.9816418362961835 0.02940559772055271 0.5040183697842555 0.018521993844512852 0.5002341220396387 0.0818859022697559
3 0.05820445849094053 0.09755221997816722 0.1961408678172592 0.10069537634390129 0.20215464222437804 0 0.06403051590452759 0 0.05820445849094053 0.09755221997816722
5 0.4263324825005394 0.2041954136846947 0.6013774479642039 0.20818416255944047 0.6031785988411398 0.17802547134041036 0.42813363337747523 0.17403672246566462 0.4263324825005394 0.2041954136846947
6 0.31543974069238806 0.23670805924911914 0.7088501132508145 0.2456726997156366 0.7106426817696962 0.21565771255260574 0.3172323092112699 0.20669307208608828 0.31543974069238806 0.23670805924911914
9 0.4682158281444579 0.26836011666036785 0.5447657882464976 0.2701044602717939 0.5462053357707576 0.24600049994552972 0.46965537566871796 0.2442561563341037 0.4682158281444579 0.26836011666036785
7 0.20197995195736562 0.6543431248032556 0.7731614668009501 0.6673586355240185 0.7961335785255289 0.28271077896618596 0.22495206368194437 0.26969526824542306 0.20197995195736562 0.6543431248032556
8 0.3049478151379717 0.6892587342062498 0.6554310750594463 0.6972451947418382 0.6571818761024653 0.6679295673180036 0.30669861618099054 0.6599431067824151 0.3049478151379717 0.6892587342062498
1 0.30318302242886613 0.7318847578514089 0.6521065294425215 0.739835676304199 0.6545284708853644 0.6992823917012275 0.30560496387170893 0.6913314732484376 0.30318302242886613 0.7318847578514089
2 0.7360200158930854 0.9636074533437101 0.94506759474722 0.9683710196234601 0.9460059325611255 0.9526593761675485 0.7369583537069909 0.9478958098877984 0.7360200158930854 0.9636074533437101
10 0.9440746048778927 0.9718079403767319 0.9441699382614296 0.9702116665088559 0.7349324764446039 0.9654437733668518 0.7341809746916167 0.9780270109007696 0.9440746048778927 0.9718079403767319
0 0 0.9578296995415451 0.32504080443106076 0.9652364029533606 0.3314878718012364 0.8572859160867689 0 0.849732303378533 0 0.9578296995415451