4 0.52015625 0.09723180076628352 0.52015625 0.03387931034482758 0.04169157608695653 0.03387931034482758 0.04169157608695653 0.09723180076628352 0.52015625 0.09723180076628352
3 0.9614266304347827 0.12293103448275862 0.9614266304347827 0.016340996168582377 0.8232472826086956 0.016340996168582377 0.8232472826086956 0.12293103448275862 0.9614266304347827 0.12293103448275862
5 0.5867798913043478 0.2210344827586207 0.5867798913043478 0.19088122605363986 0.41142663043478256 0.19088122605363986 0.41142663043478256 0.2210344827586207 0.5867798913043478 0.2210344827586207
6 0.6957744565217392 0.25602011494252874 0.6957744565217392 0.22601053639846744 0.30167119565217393 0.22601053639846744 0.30167119565217393 0.25602011494252874 0.6957744565217392 0.25602011494252874
9 0.541046195652174 0.284147509578544 0.541046195652174 0.2600478927203065 0.4643614130434783 0.2600478927203065 0.4643614130434783 0.284147509578544 0.541046195652174 0.284147509578544
7 0.7843274456521739 0.6755938697318007 0.7843274456521739 0.2910153256704981 0.21213994565217392 0.2910153256704981 0.21213994565217392 0.6755938697318007 0.7843274456521739 0.6755938697318007
8 0.6792323369565217 0.7081130268199233 0.6792323369565217 0.6788026819923373 0.3281317934782609 0.6788026819923373 0.3281317934782609 0.7081130268199233 0.6792323369565217 0.7081130268199233
1 0.6784510869565218 0.750713601532567 0.6784510869565218 0.7101676245210728 0.3289130434782609 0.7101676245210728 0.3289130434782609 0.750713601532567 0.6784510869565218 0.750713601532567
2 0.23159646739130435 0.9722318007662835 0.23159646739130435 0.956522988505747 0.022180706521739136 0.956522988505747 0.022180706521739136 0.9722318007662835 0.23159646739130435 0.9722318007662835
10 0.23257472826086958 0.9893773946360154 0.23257472826086958 0.9740900383141763 0.022968750000000003 0.9740900383141763 0.022968750000000003 0.9893773946360154 0.23257472826086958 0.9893773946360154
0 0.9818682065217393 0.9832088122605364 0.9818682065217393 0.8752777777777778 0.6426426630434784 0.8752777777777778 0.6426426630434784 0.9832088122605364 0.9818682065217393 0.9832088122605364