4 0.47883484961082096 0.08524334374822481 0.9793886213230661 0.10034697486946648 0.9823001670099258 0.03557114298427603 0.48174639529768076 0.020467511863034374 0.47883484961082096 0.08524334374822481
3 0.05297388975874332 0.09634337122180689 0.20080400413133506 0.10080397394278318 0.20533494363469232 0 0.057304333981143415 0 0.05297388975874332 0.09634337122180689
5 0.423924698121029 0.20752657166515148 0.6136293789098768 0.2132506909956413 0.6152379605526613 0.17746309730034912 0.4255332797638136 0.1717389779698593 0.423924698121029 0.20752657166515148
6 0.32522146300004207 0.24089748716490042 0.7093137177426028 0.2524870267108986 0.7107436637467051 0.22067370419129453 0.3266514090041444 0.20908416464529633 0.32522146300004207 0.24089748716490042
9 0.4724526040466486 0.2742572904105088 0.5480032804398031 0.2765369446888078 0.5491581706050669 0.2508430421240582 0.4736074942119125 0.24856338784575924 0.4724526040466486 0.2742572904105088
7 0.2068201380129261 0.6550550469370324 0.7778073376454153 0.6722839252825091 0.7949632461160663 0.2906006675036582 0.22397604648357708 0.27337178915818133 0.2068201380129261 0.6550550469370324
8 0.314322635785998 0.6917231706129576 0.6703446787461217 0.7024657239844099 0.671610624320494 0.6743010697007988 0.3155885813603704 0.6635585163293466 0.314322635785998 0.6917231706129576
1 0.2994517731716387 0.735899408586474 0.6767572262259891 0.747284164241141 0.6785719921360722 0.7069093997189703 0.30126653908172163 0.6955246440643033 0.2994517731716387 0.735899408586474
2 0.7525435362520204 0.967790621337231 0.9606947440294229 0.9740713432843591 0.9614230608984601 0.9578678087560115 0.7532718531210576 0.9515870868088834 0.7525435362520204 0.967790621337231
10 0.9608554292578799 0.9788122661811006 0.9610206689168407 0.9751360276738658 0.7525029738482748 0.9688442473966058 0.7518461632358684 0.9834569165371454 0.9608554292578799 0.9788122661811006
0 0.00718449664917523 0.9699070476386561 0.3574244496127217 0.9804751331320235 0.36284722497686417 0.8598296674180039 0.006289414428735199 0.8490709478792519 0.00718449664917523 0.9699070476386561