4 0.028812565230478388 0.9107290180665829 0.028503751620717322 0.9755167981454995 0.5296679568848744 0.9704832243239357 0.5299767704946355 0.9056954442450191 0.028812565230478388 0.9107290180665829
3 0.8073843504816559 0.8789885109555079 0.806899808961787 0.9806432581431989 0.9549102045886533 0.9791566770088699 0.9553947461085222 0.8775019298211788 0.8073843504816559 0.8789885109555079
5 0.3900378302233597 0.7833118422374024 0.38986721572606853 0.81910603711542 0.579803244491203 0.8171983649151279 0.579973858988494 0.7814041700371102 0.3900378302233597 0.7833118422374024
6 0.2927762594813087 0.7479838172301754 0.2926245920047229 0.7798030078602997 0.6771852535650412 0.7759405722384001 0.677336921041627 0.7441213816082758 0.2927762594813087 0.7479838172301754
9 0.4531214947391546 0.7174912961915035 0.4529990011089079 0.7431899381122209 0.5286418127937059 0.7424301997416696 0.5287643064239527 0.7167315578209522 0.4531214947391546 0.7174912961915035
7 0.2074143258754532 0.3316197976577682 0.20559468140019638 0.7133734586313485 0.7772782093076195 0.7076316055419456 0.7790978537828763 0.32587794456836544 0.2074143258754532 0.3316197976577682
8 0.3136650155885441 0.2971689928206962 0.31353074284663 0.32533884220154974 0.6699869605398691 0.3217586809149538 0.6701212332817833 0.29358883153410026 0.3136650155885441 0.2971689928206962
1 0.30545157622805724 0.2526808921671759 0.3052590927598797 0.2930631039963763 0.6830246760157785 0.2892689165213103 0.6832171594839562 0.24888670469210988 0.30545157622805724 0.2526808921671759
2 0.012399523124034606 0.03767034264873511 0.012322274066122761 0.05387686599195323 0.2207273256626694 0.05178369532856738 0.2208045747205812 0.03557717198534926 0.012399523124034606 0.03767034264873511
10 0.012104047295578093 0.02125684983683719 0.012030815919165213 0.03662048071303207 0.2208028017441505 0.034523624649717206 0.2208760331205634 0.019159993773522326 0.012104047295578093 0.02125684983683719
0 0.7574322980376496 0.0056106096150937 0.615416792702033 0.007036979500262833 0.6148416250710793 0.12770469881341937 0.9829038365082667 0.12400796969203169 0.9834602018509228 0.007284890384080909 0.7574322980376496 0.0056106096150937