4 0.9276242528828066 0.052478554416236584 0.9251181888111981 0 0.7986890285405086 0 0.446568563165946 0.029792964893997187 0.4495834057909025 0.09292566151680173 0.9276242528828066 0.052478554416236584
3 0.14798383799670423 0.14415759603745412 0.14291139035072362 0.0379373589617709 0.004854442603324294 0.04961837782341361 0.009926890249304892 0.15583861489909687 0.14798383799670423 0.14415759603745412
5 0.5641082815583549 0.207107344905511 0.5626733368073172 0.177058701275546 0.38747540488716625 0.19188222432651555 0.3889103496382039 0.22193086795648057 0.5641082815583549 0.207107344905511
6 0.675431404021256 0.2326934009965453 0.674003296681675 0.20278793705350828 0.280249134797598 0.23610353519518062 0.28167724213717904 0.26600899913821763 0.675431404021256 0.2326934009965453
9 0.5142238358305032 0.2744762611735004 0.5130769740155062 0.2504602550194368 0.43646011923809014 0.2569428184860161 0.43760698105308715 0.2809588246400796 0.5142238358305032 0.2744762611735004
7 0.7848501835630872 0.6432429532579201 0.7665487122307615 0.25999865791386195 0.19486805928226347 0.3083686429011145 0.21316953061458926 0.6916129382451728 0.7848501835630872 0.6432429532579201
8 0.6705086161241005 0.6854546831684099 0.669113784186942 0.6562460270350896 0.31832424763428296 0.6859263818437137 0.3197190795714415 0.7151350379770341 0.6705086161241005 0.6854546831684099
1 0.6717553506568436 0.7279735034678984 0.6698258331437741 0.6875681958168051 0.32059741251942847 0.7171164643747814 0.3225269300324979 0.7575217720258747 0.6717553506568436 0.7279735034678984
2 0.9794961252190304 0.9078595503288202 0.7787798592327936 0.9248421834166785 0.7795274162187217 0.9404964958541444 0.9791461880728292 0.9236067219078732 0.9794961252190304 0.9078595503288202
10 0.9791047930689493 0.9254694970824685 0.7786384524198922 0.9424309839504136 0.7793659529988808 0.9576653026395573 0.9787642444803291 0.940794183570376 0.9791047930689493 0.9254694970824685
0 0.254526629411246 0.9959000170128376 0.3693677059385659 0.9861832964645793 0.36423144245232314 0.8786267156442343 0.02530638695484848 0.9073032149479346 0.029696304178910435 0.9992308366459092 0.254526629411246 0.9959000170128376