4 0.061496144516275004 0.8946368083271915 0.06228480556537464 0.9594078368696893 0.5635137846210161 0.9718631867488784 0.5627251235719164 0.9070921582063806 0.061496144516275004 0.8946368083271915
3 0.8397633176635176 0.8900680107258924 0.8410007599630585 0.991696474049596 0.9890302854367955 0.9953749515703878 0.9877928431372547 0.8937464882466846 0.8397633176635176 0.8900680107258924
5 0.420670990351581 0.7798365807262705 0.42110671275555567 0.8156215206528397 0.61106729011493 0.8203419688973157 0.6106315677109552 0.7845570289707465 0.420670990351581 0.7798365807262705
6 0.3227818091107836 0.7411178065379874 0.32316914382472633 0.7729287699942526 0.707779508559859 0.7824861915722392 0.7073921738459163 0.750675228115974 0.3227818091107836 0.7411178065379874
9 0.48265847880223944 0.7162234517908195 0.48297130813321726 0.7419154490675081 0.5586238963975473 0.7437953871705957 0.5583110670665695 0.7181033898939071 0.48265847880223944 0.7162234517908195
7 0.23034071262103414 0.3218134259410988 0.2349877964136 0.7034683806409504 0.8067452124982766 0.7176763354099926 0.8020981287057106 0.33602138071014087 0.23034071262103414 0.3218134259410988
8 0.33603958386783206 0.2910734871880515 0.3363824951844201 0.3192360529691701 0.69288478364743 0.3280949995207131 0.6925418723308419 0.29993243373959444 0.33603958386783206 0.2910734871880515
1 0.3270700143404343 0.24630287615622545 0.3275615866324219 0.28667464675574805 0.7053759948220704 0.29606319139310516 0.7048844225300828 0.25569142079358254 0.3270700143404343 0.24630287615622545
2 0.0302877372823172 0.02108590973628825 0.030485019141435563 0.03728824271882922 0.23891700639143584 0.042467698487936335 0.23871972453231752 0.026265365505395363 0.0302877372823172 0.02108590973628825
10 0.029714112682641278 0.004663619889852065 0.029901134019535983 0.020023278343750166 0.23870010292299246 0.025211853467651275 0.23851308158609774 0.009852195013753177 0.029714112682641278 0.004663619889852065
0 0.632966590236654 0.011498061983111943 0.6344354772704442 0.13213458143586024 1 0.1412187210691952 1 0.020618702901694493 0.632966590236654 0.011498061983111943