4 0.5429959239130435 0.09756704980842913 0.5429959239130435 0.03277777777777778 0.04194972826086957 0.03277777777777778 0.04194972826086957 0.09756704980842913 0.5429959239130435 0.09756704980842913
3 0.9681997282608698 0.12148946360153257 0.9681997282608698 0.0198323754789272 0.8202241847826087 0.0198323754789272 0.8202241847826087 0.12148946360153257 0.9681997282608698 0.12148946360153257
5 0.5923913043478262 0.22136494252873562 0.5923913043478262 0.1855699233716475 0.4025000000000001 0.1855699233716475 0.4025000000000001 0.22136494252873562 0.5923913043478262 0.22136494252873562
6 0.6895584239130436 0.25767241379310346 0.6895584239130436 0.22585249042145594 0.30508831521739127 0.22585249042145594 0.30508831521739127 0.25767241379310346 0.6895584239130436 0.25767241379310346
9 0.540883152173913 0.2865565134099617 0.540883152173913 0.2608572796934866 0.4652581521739131 0.2608572796934866 0.4652581521739131 0.2865565134099617 0.540883152173913 0.2865565134099617
7 0.7893070652173914 0.6749233716475096 0.7893070652173914 0.2931609195402298 0.21775815217391306 0.2931609195402298 0.21775815217391306 0.6749233716475096 0.7893070652173914 0.6749233716475096
8 0.6801970108695653 0.70830938697318 0.6801970108695653 0.6801388888888888 0.3238247282608696 0.6801388888888888 0.3238247282608696 0.70830938697318 0.6801970108695653 0.70830938697318
1 0.693077445652174 0.7528831417624521 0.693077445652174 0.7124999999999999 0.3154008152173913 0.7124999999999999 0.3154008152173913 0.7528831417624521 0.693077445652174 0.7528831417624521
2 0.2297350543478261 0.970852490421456 0.2297350543478261 0.9546455938697318 0.021379076086956522 0.9546455938697318 0.021379076086956522 0.970852490421456 0.2297350543478261 0.970852490421456
10 0.22972826086956524 0.9872701149425288 0.22972826086956524 0.9719061302681993 0.021005434782608686 0.9719061302681993 0.021005434782608686 0.9872701149425288 0.22972826086956524 0.9872701149425288
0 0.9921127717391305 0.9954310344827587 0.9921127717391305 0.8747605363984674 0.6241372282608696 0.8747605363984674 0.6241372282608696 0.9954310344827587 0.9921127717391305 0.9954310344827587