4 0.8745534134034635 1 0.9213466202552175 1 0.9242254821012824 0.9388894212259473 0.44608109874831264 0.9163644893768395 0.44309862040243186 0.9796745708060636 0.8745534134034635 1
3 0.1393848205316442 0.9829323694446066 0.14440281554721138 0.8764136839072001 0.0063159667981071855 0.8699085424360817 0.0012979717825400232 0.9764272279734884 0.1393848205316442 0.9829323694446066
5 0.5591467162767481 0.8278964754511343 0.5605662569227765 0.7977634037336869 0.38533037983763013 0.7895082065039669 0.3839108391916017 0.8196412782214145 0.5591467162767481 0.8278964754511343
6 0.6704824802518169 0.7979576951714046 0.6718952568858726 0.7679682054348218 0.2780558139343961 0.7494147999764877 0.27664303730034046 0.7794042897130709 0.6704824802518169 0.7979576951714046
9 0.509503564273057 0.7562840713996514 0.5106381145479642 0.7322005871426318 0.43400466574364316 0.7285904575002531 0.432870115468736 0.7526739417572728 0.509503564273057 0.7562840713996514
7 0.76301406133639 0.7372113304729488 0.7811190667169635 0.35289022835874423 0.2093145965723203 0.3259530579778985 0.19120959119174682 0.7102741600921031 0.76301406133639 0.7372113304729488
8 0.6653559282969326 0.34422295519721896 0.666735786739387 0.3149322311008439 0.31587027459331046 0.2984032870737873 0.31449041615085577 0.3276940111701624 0.6653559282969326 0.34422295519721896
1 0.6660517850896475 0.31284222945937795 0.6679605892683762 0.2723233944593923 0.3186565311642018 0.2558680090625401 0.3167477269854729 0.2963868440625258 0.6660517850896475 0.31284222945937795
2 0.9841765917719718 0.08109197775231598 0.9849161237476665 0.06539368117778803 0.7756405485490487 0.05553490580961253 0.774901016573354 0.07123320238414049 0.9841765917719718 0.08109197775231598
10 0.9842160890176133 0.06349958842337242 0.9849357798915211 0.04822246565938064 0.7754701146356283 0.0383547353275281 0.7747504237617205 0.05363185809151987 0.9842160890176133 0.06349958842337242
0 0.3603051573596002 0.13307298963117978 0.3653862831535803 0.025214205605703897 0.026387821725961498 0.009244307168200603 0.021306695931981385 0.1171030911936765 0.3603051573596002 0.13307298963117978