4 0.5278328693625274 0.039364289146129695 0.027739536776150493 0.04943216443098088 0.03239879065643342 0.11421546655781567 0.5324921232428103 0.10414759127296448 0.5278328693625274 0.039364289146129695
3 0.9512970883840344 0.01787615916002911 0.8036029569417197 0.020849536325398144 0.8109135219079294 0.12249725741825693 0.9586076533502441 0.11952388025288789 0.9512970883840344 0.01787615916002911
5 0.5881222023300994 0.19114981966675446 0.39859202318789133 0.19496543983599485 0.4011661851853213 0.23075716071831026 0.5906963643275295 0.22694154054906981 0.5881222023300994 0.19114981966675446
6 0.6880014140136462 0.22947622734510525 0.30426247016797786 0.2372016569336139 0.3065507672392818 0.26901864830933014 0.6902897110849502 0.2612932187208215 0.6880014140136462 0.22947622734510525
9 0.5421262184443145 0.26746522845662507 0.4666450380561113 0.2689848150237396 0.46849317202429563 0.29468168072543943 0.5439743524124988 0.2931620941583249 0.5421262184443145 0.26746522845662507
7 0.7924007751173584 0.2947741344970042 0.2219388034662335 0.3062586707047365 0.2493928576727025 0.6879859459216385 0.8198548293238274 0.676501409713906 0.7924007751173584 0.2947741344970042
8 0.7113273432469006 0.6839088718068888 0.3556327905336083 0.6910697119198687 0.357658642937794 0.7192376142786832 0.7133531956510863 0.7120767741657033 0.7113273432469006 0.6839088718068888
1 0.7265104987332939 0.7160081853768531 0.349552113672049 0.7235971088059011 0.35245622578903196 0.7639765295283634 0.7294146108502767 0.7563876060993153 0.7265104987332939 0.7160081853768531
2 0.2814629188040088 0.9674417332280852 0.07350318088573748 0.9716283771387394 0.07466868318695552 0.9878337803319099 0.2826284211052268 0.9836471364212558 0.2814629188040088 0.9674417332280852
10 0.2826974119726446 0.9847008156882004 0.07437152388001438 0.9888948309314655 0.07517021428904086 1 0.28379773846928336 1 0.2826974119726446 0.9847008156882004
0 1 0.9938168805110449 1 0.8729827981027326 0.6693701878240893 0.8796390350439958 0.6780266204941611 1 0.6928709639794647 1 1 0.9938168805110449