4 0.6095344847326771 0.08953440303032281 0.6138905668698198 0.013243988394864951 0.06742006246862418 0.006299217602435682 0.06306398033148151 0.08258963223789355 0.6095344847326771 0.08953440303032281
3 0.9750201586672148 0 0.8136865061441206 0 0.8080143771187657 0.09933905321032058 0.9692310454397263 0.10138786060320085 0.9750201586672148 0
5 0.7369389890724828 0.169038747932826 0.7388780238645029 0.13507938637385672 0.2677785506468568 0.12909246148846748 0.26583951585483667 0.16305182304743673 0.7369389890724828 0.169038747932826
6 0.7369819411140597 0.2066909830974381 0.738848282752843 0.17400473591670906 0.26819655823529726 0.16802350120502504 0.2663302165965139 0.20070974838575406 0.7369819411140597 0.2066909830974381
9 0.5427802219579606 0.2450211657566342 0.5441806665691812 0.22049442436371774 0.4603702507958624 0.21942932730381018 0.45896980618464195 0.24395606869672662 0.5427802219579606 0.2450211657566342
7 0.8397909104934388 0.7746163558958261 0.8692057543861319 0.25945833858562284 0.1327812560029931 0.25009955470614403 0.10336641211030012 0.7652575720163475 0.8397909104934388 0.7746163558958261
8 0.6273119527182699 0.805002472140483 0.6285736194914927 0.7829062218332978 0.31048208842630176 0.778863784489527 0.3092204216530788 0.8009600347967121 0.6273119527182699 0.805002472140483
1 0.6286836777097506 0.8493458166997961 0.6308721821867423 0.8110173580700477 0.309917773069395 0.8069385381004651 0.30772926859240324 0.8452669967302135 0.6286836777097506 0.8493458166997961
2 0.3574273077952845 0.9123995126802604 0.3588558383975282 0.88738088618666 0.05088614158308938 0.8834670812545278 0.04945761098084561 0.9084857077481281 0.3574273077952845 0.9123995126802604
10 0.400502462083968 0.9545075994984773 0.4024464532273452 0.9204614346864465 0.050068226248413505 0.9159832679804631 0.04812423510503632 0.9500294327924941 0.400502462083968 0.9545075994984773
0 0.7463308270596792 0.9829210433492911 0.9279256168927459 0.978885603575223 0.9335349919517029 0.8806455944062671 0.630232736132249 0.8767911052242737 0.6242614341584136 0.9813697355519942 0.7463308270596792 0.9829210433492911