4 0.5972204412968166 0.014334009211509085 0.049992180427251336 0.022441094557724868 0.04773209971008286 0.09871881876216079 0.5949603605796482 0.09061173341594501 0.5972204412968166 0.014334009211509085
3 0.9580982726486551 0 0.7967289206477007 0 0.793915977103996 0.0949368446000401 0.9553561944953003 0.09254513767572448 0.9580982726486551 0
5 0.7256919927361537 0.1325178171153628 0.25393927534484934 0.13950674626190065 0.2529332394149947 0.17346045889449466 0.7246859568062992 0.16647152974795684 0.7256919927361537 0.1325178171153628
6 0.7267339593455978 0.1713763408863981 0.2554296115195108 0.17835862752085865 0.25446129122235733 0.21103943754978827 0.7257656390484444 0.20405715091532772 0.7267339593455978 0.1713763408863981
9 0.5331445333548404 0.22314282002695748 0.44921790292005775 0.22438617751488016 0.44849130554157995 0.24890883903850602 0.5324179359763627 0.24766548155058335 0.5331445333548404 0.22314282002695748
7 0.8595793862785475 0.25309378576408786 0.12213373410463421 0.26401890653703475 0.10687233191169875 0.7790912305486066 0.8443179840856119 0.7681661097756597 0.8595793862785475 0.25309378576408786
8 0.6331099631663866 0.7822546247769719 0.3145773544707342 0.7869736263872779 0.3139227596637768 0.8090662011220898 0.6324553683594291 0.8043471995117839 0.6331099631663866 0.7822546247769719
1 0.636184897762265 0.8102536492957045 0.31478544124052565 0.8150151227256563 0.31364997211662843 0.8533372056571897 0.6350494286383677 0.8485757322272379 0.636184897762265 0.8102536492957045
2 0.36598907579385603 0.8939708205805487 0.0575923366634212 0.8985396611602587 0.05685116733594522 0.9235541259625732 0.36524790646638006 0.9189852853828632 0.36598907579385603 0.8939708205805487
10 0.41053569513158084 0.9257941948043176 0.05766884730549385 0.9310218518091484 0.05666023985522776 0.9650623532556286 0.4095270876813148 0.9598346962507976 0.41053569513158084 0.9257941948043176
0 0.9410785751082725 0.8714310963357387 0.637355749021316 0.8759306937592491 0.6342576383745071 0.9804919280890466 0.9379804644614637 0.9759923306655361 0.9410785751082725 0.8714310963357387