4 0.44057120981108033 0.9829131403905778 0.9906821235294301 0.9581290807553606 0.9854436222958946 0.8879088644314507 0.435332708577545 0.9126929240666678 0.44057120981108033 0.9829131403905778
3 0.23582813466649494 1 0.229186456730106 0.9109707069530996 0.07943095436288755 0.9177176178192804 0.08556930572545893 1 0.23582813466649494 1
5 0.3083866782770432 0.872121235537925 0.7669095662037492 0.8514634766840339 0.7640067940152117 0.8125528642910756 0.3054839060885058 0.833210623144967 0.3083866782770432 0.872121235537925
6 0.334804971086326 0.8283373329610214 0.7266764960590064 0.8106824073777074 0.7244845041860083 0.7812995483040448 0.33261297921332794 0.798954473887359 0.334804971086326 0.8283373329610214
9 0.48972788143383866 0.7765697268476989 0.5730895189958984 0.7728140482288863 0.5709528659341203 0.7441729859252801 0.48759122837206054 0.7479286645440927 0.48972788143383866 0.7765697268476989
7 0.16496956550875538 0.7560357285080057 0.8987986321764274 0.7229746441033815 0.860529328817321 0.2099884595743818 0.1267002621496491 0.24304954397900602 0.16496956550875538 0.7560357285080057
8 0.334863602922148 0.2234154586275525 0.6477509588635029 0.20931899426850112 0.645234839667645 0.17559132554165127 0.33234748372629014 0.18968778990070267 0.334863602922148 0.2234154586275525
1 0.33229753505902027 0.18901824606279471 0.6462148835958419 0.17487537761090802 0.6431259717695647 0.13346963062776013 0.329208623232743 0.1476124990796468 0.33229753505902027 0.18901824606279471
2 0.5882224244941481 0.10702221087009717 0.8972473082025024 0.09309976185917798 0.8945536735992248 0.05699256323357575 0.5855287898908704 0.07091501224449492 0.5882224244941481 0.10702221087009717
10 0.5552458151180357 0.06298538814183706 0.8907659030913594 0.04786925490074744 0.8884553280514614 0.016896831319821323 0.5529352400781379 0.032012964560910934 0.5552458151180357 0.06298538814183706
0 0.029130280521329925 0.1395571388217399 0.320401344492032 0.1264345498320603 0.312454116252159 0.01990482667253291 0.02118305228145693 0.033027415662212505 0.029130280521329925 0.1395571388217399