4 0.9198047237903098 0.016069043444562305 0.3686247839045602 0.03677345619519575 0.3712635456192463 0.10702092183408507 0.9224434855049959 0.08631650908345163 0.9198047237903098 0.016069043444562305
3 0.16221062818279405 0.026199790293013336 0.012164107137795572 0.0318361077253136 0.01590268475167449 0.1313621850545509 0.165949205796673 0.12572586762225063 0.16221062818279405 0.026199790293013336
5 0.708666941321246 0.14056570203547084 0.24925300950989457 0.15782303485782506 0.25071520714545736 0.19674874671342585 0.7101291389568087 0.17949141389107162 0.708666941321246 0.14056570203547084
6 0.6731239698852063 0.1844282337580001 0.28049092409189147 0.19917702276749893 0.28159508422768414 0.2285712840102775 0.6742281300209989 0.21382249500077868 0.6731239698852063 0.1844282337580001
9 0.5242524489820573 0.23473860735967098 0.4407288154121219 0.23787607238465547 0.4418051000297322 0.26652824899933764 0.5253287335996676 0.2633907839743531 0.5242524489820573 0.23473860735967098
7 0.8545311978728831 0.2574426445344536 0.11927608701102496 0.2850616201006764 0.13855327490309804 0.798246871548779 0.8738083857649562 0.7706278959825561 0.8545311978728831 0.2574426445344536
8 0.6617646357225193 0.7888328411869671 0.3482692482685935 0.8006089190656562 0.3495366792965969 0.8343496759872849 0.6630320667505226 0.8225735981085956 0.6617646357225193 0.7888328411869671
1 0.6640892212927233 0.8232046361442641 0.34956183966690424 0.8350194796451121 0.35111780040908025 0.8764412943406734 0.6656451820348992 0.8646264508398255 0.6640892212927233 0.8232046361442641
2 0.9234980002036325 0.8838164954009616 0.6138725908943061 0.8954472021965553 0.6152294407923229 0.9315684124057141 0.9248548501016493 0.9199377056101203 0.9234980002036325 0.8838164954009616
10 0.9221001601081904 0.929320677902087 0.5859280586139799 0.9419485793203184 0.5870919520030203 0.9729330219090178 0.9232640534972311 0.9603051204907863 0.9221001601081904 0.929320677902087
0 0.3447086586487395 0.8982232154108897 0.05287156993388823 0.9091857252982196 0.05628289914058037 1 0.3485317813788629 1 0.3447086586487395 0.8982232154108897