4 0.4203770231516082 0.10743337330678654 0.9660067425804619 0.15226503735757252 0.9722557935718305 0.07621013260867822 0.4266260741429766 0.03137846855789227 0.4203770231516082 0.10743337330678654
3 0.06022294442948369 0.08514483248693448 0.22119156907576537 0.09837081898637436 0.22871739038548064 0.006776811566977203 0.0670556211579358 0.001986833219494394 0.06022294442948369 0.08514483248693448
5 0.2823563985542234 0.17420521824358626 0.7527310506619114 0.2128535499425469 0.7555127078731132 0.17899902154547273 0.28513805576542545 0.14035068984651208 0.2823563985542234 0.17420521824358626
6 0.2770866504939415 0.21153369143070078 0.747014242795761 0.2501452904622249 0.7496916174872589 0.2175599463163333 0.2797640251854393 0.17894834728480916 0.2770866504939415 0.21153369143070078
9 0.46532591388755606 0.26791749367287204 0.5490073811859976 0.2747931811503203 0.5510163997284817 0.25034215425064416 0.46733493243004026 0.24346646677319594 0.46532591388755606 0.26791749367287204
7 0.0957770121034005 0.7649071852128956 0.831068467355175 0.8253224051458696 0.8732657569382296 0.31175468993061195 0.13797430168645508 0.25133946999763795 0.0957770121034005 0.7649071852128956
8 0.30333595536084124 0.8151441135324928 0.6209380792631665 0.841239890968351 0.6227480129953062 0.8192118521845687 0.3051458890929809 0.7931160747487106 0.30333595536084124 0.8151441135324928
1 0.29581295347833875 0.8589811294870672 0.6162735506848521 0.8853117733722927 0.6194130865432211 0.8471016353859329 0.2989524893367076 0.8207709915007073 0.29581295347833875 0.8589811294870672
2 0.5574202196295067 0.9471709046236022 0.8649160824658391 0.9724363011531669 0.8669653919818455 0.9474949076109882 0.559469529145513 0.9222295110814236 0.5574202196295067 0.9471709046236022
10 0.5086418271380663 0.9848448675575168 0.6930893786082045 1 0.8616079487336408 1 0.8632666617394285 0.9798124131431825 0.5114305945210663 0.9509038038705894 0.5086418271380663 0.9848448675575168
0 0 0.9671408544984489 0.28189283951864225 0.9903025787037408 0.2904590164970756 0.8860467844948585 0 0.8621812203871165 0 0.9671408544984489