4 0.6048829158065326 0.11468119258516757 0.6062141456514596 0.038444668733030235 0.059069230296584375 0.01673544281359177 0.05773800045165754 0.0929719666657291 0.6048829158065326 0.11468119258516757
3 0.9653124258438042 0.13625896162424211 0.9671039481825204 0.03366252718606241 0.805688318918278 0.027257992913176137 0.8038967965795618 0.12985442735135586 0.9653124258438042 0.13625896162424211
5 0.7355359835796302 0.19769282025367815 0.736128557572549 0.1637574472469304 0.2644476904050888 0.14504243003695866 0.2638551164121701 0.17897780304370642 0.7355359835796302 0.19769282025367815
6 0.7370734159758277 0.23537768091527655 0.7376437747551521 0.20271452297154796 0.2664112088640528 0.18401729314004833 0.26584085008472824 0.21668045108377693 0.7370734159758277 0.23537768091527655
9 0.5442513424417937 0.2684950462238421 0.544679321897628 0.24398563027491862 0.46076547389516836 0.24065615643182667 0.46033749443933414 0.26516557238075017 0.5442513424417937 0.2684950462238421
7 0.862498844164879 0.8065542464299329 0.8714880957081251 0.2917601315735223 0.13415476007893634 0.26250474509017135 0.1251655085356902 0.7772988599465819 0.862498844164879 0.8065542464299329
8 0.6510708881513183 0.8312272890887917 0.6514564567448363 0.8091466473510868 0.33297236210833575 0.7965100624753463 0.3325867935148178 0.8185907042130514 0.6510708881513183 0.8312272890887917
1 0.6542036389042238 0.8756447372869637 0.6548724514710683 0.8373433534957634 0.3335219456432905 0.8245930372000957 0.33285313307644615 0.862894420991296 0.6542036389042238 0.8756447372869637
2 0.3852519838836195 0.9314252447996837 0.3856885464901606 0.9064242912127755 0.07733877767684845 0.8941898088927979 0.07690221507030734 0.9191907624797063 0.3852519838836195 0.9314252447996837
10 0.43002987623927363 0.9747318611491512 0.43062396490584653 0.9407097462062886 0.07781086040983244 0.9267110793487622 0.07721677174325953 0.9607331942916247 0.43002987623927363 0.9747318611491512
0 0.9590390255216262 1 0.9605197220054049 0.915203859623827 0.656843154375976 0.9031547972491342 0.6551520591144714 1 0.9590390255216262 1