4 0.6050947566975365 0.8922881605690383 0.05370101157830699 0.8797430415875721 0.05158219776739074 0.9500450058564204 0.6029759428866203 0.9625901248378865 0.6050947566975365 0.8922881605690383
3 0.9613370559931348 0.8894001426159813 0.8112323312125803 0.8859850120514423 0.8084982058216561 0.9767029338192761 0.9588401137466157 0.9722483587696475 0.9613370559931348 0.8894001426159813
5 0.7314531865089529 0.8099591126217768 0.2718610459206725 0.7995026318624965 0.2706869631957046 0.8384585426433825 0.7302791037839851 0.8489150234026626 0.7314531865089529 0.8099591126217768
6 0.7027924343512358 0.7763228503117525 0.3100070843937941 0.7673863344498842 0.3091204906054425 0.7968034000308951 0.7019058405628842 0.8057399158927633 0.7027924343512358 0.7763228503117525
9 0.5454949680339587 0.728766771140442 0.4619389352624483 0.7268657333031135 0.4610747243336714 0.755540138539948 0.5446307571051819 0.7574411763772765 0.5454949680339587 0.728766771140442
7 0.8840619993501916 0.21611589504714812 0.14852167964949625 0.199381137157728 0.13304291485082984 0.7129645224440362 0.8685832345515251 0.7296992803334563 0.8840619993501916 0.21611589504714812
8 0.6759750398670152 0.167351187425065 0.3623580461105753 0.16021588250710017 0.36134035271614284 0.19398281581828658 0.6749573464725828 0.20111812073625138 0.6759750398670152 0.167351187425065
1 0.6772446131032859 0.12522691400701114 0.3625952248596675 0.11806812040824045 0.3613458543343117 0.15952207052862874 0.6759952425779302 0.1666808641273994 0.6772446131032859 0.12522691400701114
2 0.4174307089116043 0.05426425018130159 0.10768519448208354 0.0472170278163588 0.10659570152511906 0.08336626119263038 0.4163412159546398 0.09041348355757318 0.4174307089116043 0.05426425018130159
10 0.4483057263280673 0.014656996195170977 0.11200322212967928 0.0070055584226559435 0.11106866507081034 0.0380140390269017 0.4473711692691983 0.04566547679941673 0.4483057263280673 0.014656996195170977
0 0.9802780995335306 0.0038522855075598323 0.8109591686871928 0 0.6882437167436551 0 0.6851133946857211 0.10386367520027859 0.9770636883494022 0.11050602688290947 0.9802780995335306 0.0038522855075598323