4 0.606202445652174 0.0953857280617165 0.606202445652174 0.02509643201542912 0.054694293478260866 0.02509643201542912 0.054694293478260866 0.0953857280617165 0.606202445652174 0.0953857280617165
3 0.9621875000000001 0.10636933461909355 0.9621875000000001 0.006783992285438769 0.8120516304347826 0.006783992285438769 0.8120516304347826 0.10636933461909355 0.9621875000000001 0.10636933461909355
5 0.7300203804347826 0.18051591128254582 0.7300203804347826 0.14156702025072324 0.27033288043478265 0.14156702025072324 0.27033288043478265 0.18051591128254582 0.7300203804347826 0.18051591128254582
6 0.7003600543478261 0.21347155255544845 0.7003600543478261 0.18405978784956606 0.30749320652173917 0.18405978784956606 0.30749320652173917 0.21347155255544845 0.7003600543478261 0.21347155255544845
9 0.5417051630434783 0.25741080038572806 0.5417051630434783 0.22874156219864994 0.45813179347826094 0.22874156219864994 0.45813179347826094 0.25741080038572806 0.5417051630434783 0.25741080038572806
7 0.8646671195652175 0.777314368370299 0.8646671195652175 0.2638235294117648 0.12897418478260872 0.2638235294117648 0.12897418478260872 0.777314368370299 0.8646671195652175 0.777314368370299
8 0.655210597826087 0.8213066538090646 0.655210597826087 0.787545805207329 0.3415285326086957 0.787545805207329 0.3415285326086957 0.8213066538090646 0.655210597826087 0.8213066538090646
1 0.655210597826087 0.8634233365477338 0.655210597826087 0.821976856316297 0.3404959239130435 0.821976856316297 0.3404959239130435 0.8634233365477338 0.655210597826087 0.8634233365477338
2 0.3933831521739131 0.9284185149469624 0.3933831521739131 0.8922757955641273 0.08357336956521741 0.8922757955641273 0.08357336956521741 0.9284185149469624 0.3933831521739131 0.9284185149469624
10 0.42305027173913046 0.9686933461909355 0.42305027173913046 0.9376904532304726 0.08667798913043481 0.9376904532304726 0.08667798913043481 0.9686933461909355 0.42305027173913046 0.9686933461909355
0 0.9544429347826088 0.9915814850530376 0.9544429347826088 0.884946962391514 0.6624320652173914 0.884946962391514 0.6624320652173914 0.9915814850530376 0.9544429347826088 0.9915814850530376