4 0.5979076086956523 0.09946962391513983 0.5979076086956523 0.02319189971070396 0.050679347826086976 0.02319189971070396 0.050679347826086976 0.09946962391513983 0.5979076086956523 0.09946962391513983
3 0.9585190217391305 0.10674541947926712 0.9585190217391305 0.004093539054966246 0.7970788043478261 0.004093539054966246 0.7970788043478261 0.10674541947926712 0.9585190217391305 0.10674541947926712
5 0.7299388586956523 0.1772854387656702 0.7299388586956523 0.1433317261330762 0.25818614130434786 0.1433317261330762 0.25818614130434786 0.1772854387656702 0.7299388586956523 0.1772854387656702
6 0.7321331521739132 0.21490356798457086 0.7321331521739132 0.1822227579556413 0.2608288043478261 0.1822227579556413 0.2608288043478261 0.21490356798457086 0.7321331521739132 0.21490356798457086
9 0.5399932065217392 0.25566538090646096 0.5399932065217392 0.2311427193828351 0.45606657608695655 0.2311427193828351 0.45606657608695655 0.25566538090646096 0.5399932065217392 0.25566538090646096
7 0.867459239130435 0.7810173577627773 0.867459239130435 0.26594503375120543 0.13001358695652174 0.26594503375120543 0.13001358695652174 0.7810173577627773 0.867459239130435 0.7810173577627773
8 0.6565760869565218 0.8140742526518805 0.6565760869565218 0.7919816779170685 0.33804347826086956 0.7919816779170685 0.33804347826086956 0.8140742526518805 0.6565760869565218 0.8140742526518805
1 0.6604823369565218 0.858360655737705 0.6604823369565218 0.8200385728061717 0.33908288043478263 0.8200385728061717 0.33908288043478263 0.858360655737705 0.6604823369565218 0.858360655737705
2 0.3926494565217392 0.9248023143683703 0.3926494565217392 0.8997878495660558 0.08425271739130435 0.8997878495660558 0.08425271739130435 0.9248023143683703 0.3926494565217392 0.9248023143683703
10 0.4381589673913044 0.9663259402121503 0.4381589673913044 0.9322854387656703 0.0852921195652174 0.9322854387656703 0.0852921195652174 0.9663259402121503 0.4381589673913044 0.9663259402121503
0 0.9673233695652174 0.9903230472516875 0.9673233695652174 0.88576181292189 0.6636005434782609 0.88576181292189 0.6636005434782609 0.9903230472516875 0.9673233695652174 0.9903230472516875