4 0.4314143497693537 0.07494433170183391 0.9818920047556949 0.10673263442038342 0.9864620800252878 0.03652929582412646 0.4359844250389466 0.0047409931055769445 0.4314143497693537 0.07494433170183391
3 0.07538032316947206 0.06539593259417248 0.2252356627176249 0.07404959338203121 0.23005612029422037 0 0.07963744740681597 0 0.07538032316947206 0.06539593259417248
5 0.3022927684414097 0.15283368345463128 0.7611213388425547 0.17932954819993657 0.763653721064243 0.14042828813816105 0.3048251506630979 0.11393242339285577 0.3022927684414097 0.15283368345463128
6 0.3297549613702323 0.18745861042578993 0.721887734495557 0.2101030087679559 0.7238000310482059 0.18072721198944255 0.3316672579228812 0.15808281364727658 0.3297549613702323 0.18745861042578993
9 0.4852565591472764 0.2404888120442393 0.5686737712342164 0.24530588602669348 0.5705377901361919 0.21667170772422784 0.4871205780492518 0.21185463374177363 0.4852565591472764 0.2404888120442393
7 0.12909492627780386 0.7411414250976248 0.8634132132021326 0.7835459292315781 0.8967994030814778 0.2706830431138543 0.16248111615714916 0.228278538979901 0.12909492627780386 0.7411414250976248
8 0.3352997828521826 0.7971527476712233 0.6483957307388979 0.8152330251924264 0.6505907963883485 0.781513463054205 0.337494848501633 0.763433185533002 0.3352997828521826 0.7971527476712233
1 0.33256143688703693 0.8392179255171764 0.646688064032183 0.8573577214293187 0.6493828347152273 0.8159619264935644 0.33525620757008123 0.7978221305814222 0.33256143688703693 0.8392179255171764
2 0.5896737940704665 0.9192250569116205 0.8989046947380666 0.937082140466802 0.9012546250591578 0.9009836203599599 0.5920237243915577 0.8831265368047784 0.5896737940704665 0.9192250569116205
10 0.5594592640934262 0.9267756774190219 0.5574435154321913 0.9577406566462089 0.8595953192546298 0.975188945273114 0.8933787242634369 0.9741879554950751 0.895203032527238 0.9461637932674398 0.5594592640934262 0.9267756774190219
0 0.02555562072401791 0.949971936584839 0.3170208657528776 0.9668031110330434 0.3239540379755635 0.860298992745568 0.03248879294670379 0.8434678182973635 0.02555562072401791 0.949971936584839