4 0.5387755102040818 0.09893719806763286 0.5387755102040818 0.031748792270531394 0.03700680272108842 0.031748792270531394 0.03700680272108842 0.09893719806763286 0.5387755102040818 0.09893719806763286
3 0.9687074829931973 0.12406280193236714 0.9687074829931973 0.019376811594202903 0.8228571428571428 0.019376811594202903 0.8228571428571428 0.12406280193236714 0.9687074829931973 0.12406280193236714
5 0.7102040816326531 0.20715458937198067 0.7102040816326531 0.15854589371980676 0.27428571428571435 0.15854589371980676 0.27428571428571435 0.20715458937198067 0.7102040816326531 0.20715458937198067
6 0.7700680272108845 0.26126086956521744 0.7700680272108845 0.21885507246376812 0.24380952380952386 0.21885507246376812 0.24380952380952386 0.26126086956521744 0.7700680272108845 0.26126086956521744
9 0.5476802721088436 0.29777777777777775 0.5476802721088436 0.26651207729468596 0.45215646258503406 0.26651207729468596 0.45215646258503406 0.29777777777777775 0.5476802721088436 0.29777777777777775
7 0.7718027210884354 0.7069178743961352 0.7718027210884354 0.3148985507246376 0.22618367346938778 0.3148985507246376 0.22618367346938778 0.7069178743961352 0.7718027210884354 0.7069178743961352
8 0.7405782312925171 0.7723188405797101 0.7405782312925171 0.7309855072463768 0.27027891156462586 0.7309855072463768 0.27027891156462586 0.7723188405797101 0.7405782312925171 0.7723188405797101
1 0.750904761904762 0.852231884057971 0.750904761904762 0.7831884057971015 0.2601700680272109 0.7831884057971015 0.2601700680272109 0.852231884057971 0.750904761904762 0.852231884057971
2 0.3352721088435374 0.9419178743961353 0.3352721088435374 0.9214637681159419 0.052591836734693864 0.9214637681159419 0.052591836734693864 0.9419178743961353 0.3352721088435374 0.9419178743961353
10 0.3410136054421769 0.9680096618357488 0.3410136054421769 0.9456135265700482 0.05166666666666669 0.9456135265700482 0.05166666666666669 0.9680096618357488 0.3410136054421769 0.9680096618357488
0 0.9885850340136056 0.9949178743961352 0.9885850340136056 0.8764444444444442 0.6487210884353743 0.8764444444444442 0.6487210884353743 0.9949178743961352 0.9885850340136056 0.9949178743961352