4 0.5053467333586866 0.01519147465050232 0.004022495546777911 0.06502409547908188 0.0072198831846184515 0.1319099647701718 0.5085441209965271 0.08207734394159223 0.5053467333586866 0.01519147465050232
3 0.789799213618595 0 0.7935697993475855 0.07887654947913622 0.9392909443948648 0.06439157943351874 0.9362127928773037 0 0.789799213618595 0
5 0.6826575214715034 0.1243923884257418 0.2471252931772096 0.16768515337551643 0.249438502438926 0.2160749733932722 0.6849707307332197 0.1727822084434976 0.6826575214715034 0.1243923884257418
6 0.7453384555558021 0.17848468297763775 0.2195461150307309 0.23074948161238437 0.22156413837592537 0.2729643335420067 0.7473564789009964 0.2206995349072601 0.7453384555558021 0.17848468297763775
9 0.5254156126684058 0.2480132987502275 0.4299764186966756 0.2575001434041716 0.43146430284911336 0.28862506043407776 0.5269034968208436 0.2791382157801336 0.5254156126684058 0.2480132987502275
7 0.751642166730362 0.2739234166137042 0.2065064316714962 0.3281109869252151 0.2251619976792244 0.7183651227631045 0.7702977327380902 0.6641775524515935 0.751642166730362 0.2739234166137042
8 0.740246241526559 0.6912378400696284 0.27036351570106426 0.7379451124172832 0.27233050222891614 0.7790923296774618 0.7422132280544109 0.7323850573298072 0.740246241526559 0.6912378400696284
1 0.753047876405762 0.7421801106713064 0.26274787820517276 0.7909169002772184 0.2660335457432815 0.8596494889965351 0.7563335439438708 0.8109126993906233 0.753047876405762 0.7421801106713064
2 0.3443636941957931 0.9211109565522021 0.06193382193391607 0.949185044484832 0.06290719979260294 0.9695470498471038 0.34533707205448 0.9414729619144737 0.3443636941957931 0.9211109565522021
10 0.3512493529154927 0.9445817627008372 0.0621587193594769 0.9733179434807018 0.06322451523875709 0.9956132332443985 0.3523151487947729 0.9668770524645339 0.3512493529154927 0.9445817627008372
0 0.6553926219881596 0.8451644971573573 0.6610305810354994 0.9631044639746345 0.9786408220570622 0.931533377802576 0.9812799938346835 0.8127706478096163 0.6553926219881596 0.8451644971573573