4 0.5464602803031242 0.04059967538210159 0.0448977290160668 0.024410125655250272 0.042729897462408364 0.09157092649025753 0.5442924487494658 0.10776047621710887 0.5464602803031242 0.04059967538210159
3 0.9766147931882889 0.04210451785011226 0.8308243769790358 0.03739866174729644 0.8274466871769234 0.14204164090279014 0.9732371033861765 0.146747497005606 0.9766147931882889 0.04210451785011226
5 0.7137273147323705 0.17287581793668275 0.2779880483756102 0.15881092712192355 0.27641969051733356 0.20739965145337622 0.7121589568740938 0.2214645422681354 0.7137273147323705 0.17287581793668275
6 0.7716207911346447 0.2350917262128895 0.24557850578260074 0.2181120140807146 0.24421028422824254 0.2605003883782192 0.7702525695802864 0.2774801005103941 0.7716207911346447 0.2350917262128895
9 0.5477867544588312 0.27555381762482867 0.4523021917531253 0.27247174526495277 0.4512934050249633 0.3037245999532018 0.5467779677306692 0.3068066723130777 0.5477867544588312 0.27555381762482867
7 0.7702559328441528 0.3311517139821146 0.2248610577285111 0.31354733457062 0.2122125680163832 0.7054055935696973 0.7576074431320249 0.7230099729811921 0.7702559328441528 0.3311517139821146
8 0.7256192408704121 0.7460602603607668 0.25551314785686213 0.7308860693247561 0.2541795293083216 0.7722024204855501 0.7242856223218715 0.7873766115215607 0.7256192408704121 0.7460602603607668
1 0.7342572040458967 0.7985748960276927 0.24372413294034154 0.7827413583623509 0.2414964475387823 0.8517564694878849 0.7320295186443374 0.8675900071532264 0.7342572040458967 0.7985748960276927
2 0.31433386769675425 0.9233830737119589 0.03176973732551805 0.9142624046589548 0.031109786304653088 0.9347081071852291 0.31367391667588934 0.9438287762382331 0.31433386769675425 0.9233830737119589
10 0.31929381424128783 0.9477081592062783 0.03006575626347197 0.9383723903873806 0.029343145745585827 0.9607593239990498 0.31857120372340164 0.9700950928179474 0.31929381424128783 0.9477081592062783
0 0.9688309202605386 0.8994613652242579 0.629106610847559 0.8884956669548235 0.6255074487092336 1 0.9655857114167069 1 0.9688309202605386 0.8994613652242579