4 0.28990171771804235 0.08144086140837103 0.28800003139096964 0.14578366430508433 0.5164876229190193 0.1401639443415926 0.5158622941919946 0.06677357630097157 0.28990171771804235 0.08144086140837103
3 0.14299367712448172 0.07155255908847233 0.14067178371048694 0.16426341506422001 0.18932672220194777 0.16114344068752157 0.19009573946714292 0.06896969218050336 0.14299367712448172 0.07155255908847233
5 0.46654846700114533 0.22147616651580052 0.4659695923005716 0.1838007300400738 0.1898628793285567 0.19620156442371767 0.1904417540291305 0.23387700089944444 0.46654846700114533 0.22147616651580052
6 0.44012187473565867 0.26942434593734693 0.43960056132450226 0.2354952239935121 0.2206679659718962 0.24532818613675478 0.2211892793830527 0.2792573080805896 0.44012187473565867 0.26942434593734693
9 0.3487904180572332 0.31911295486178265 0.34830863006481005 0.28775630222984694 0.30720196536250793 0.2896025338391773 0.30768375335493114 0.32095918647111293 0.3487904180572332 0.31911295486178265
7 0.4679817592642471 0.32833666305216846 0.19635168738212297 0.33368969653001485 0.19878816804931684 0.7356597662936181 0.46475950999704224 0.7405192119356514 0.4679817592642471 0.32833666305216846
8 0.22868516222202787 0.7616339799524208 0.22841017649209314 0.7978244630780458 0.433726017749104 0.8028401446356133 0.43234126954629937 0.7668029323578717 0.22868516222202787 0.7616339799524208
1 0.43300067249076796 0.8097194628637153 0.22857735366365758 0.8087050092501706 0.22848722518257636 0.856872422485337 0.4342282130869799 0.8625688039770961 0.43300067249076796 0.8097194628637153
2 0.3657097038249021 0.9099294430721327 0.36621783109659706 0.9326824373306523 0.5311855201079869 0.9399826446543289 0.5311125807459255 0.9145996208273977 0.3657097038249021 0.9099294430721327
10 0.5310453054111511 0.9411748441121522 0.34120310547206106 0.9331198798950604 0.3408157689637407 0.9594458055306242 0.5312511491862923 0.9648898865357098 0.5310453054111511 0.9411748441121522
0 0.256982193868436 0.8814175434692061 0.11860577235007791 0.8827201621810955 0.12193338849613607 0.9789549219959102 0.25819248542708995 0.9826159702922965 0.256982193868436 0.8814175434692061