4 0.31032481869198486 0.07229812974601427 0.3109424720918131 0.13661496944172596 0.5392998175777899 0.13727386048522905 0.5357997931085929 0.06383629046238103 0.31032481869198486 0.07229812974601427
3 0.16297171138006214 0.05836741974212317 0.16428007209099924 0.15105236226073607 0.21283194677653003 0.14926859052931127 0.20999113586786214 0.05707828801855416 0.16297171138006214 0.05836741974212317
5 0.4925257434389762 0.21724655404982002 0.49047102303515144 0.17953979784623464 0.21474142161438864 0.18435578940260305 0.21679614201821346 0.22206254560618846 0.4925257434389762 0.21724655404982002
6 0.46796672443815585 0.2644878992337317 0.4661163182939092 0.23053057188698275 0.2474827450467942 0.2343493038521807 0.2493331511910408 0.26830663119892967 0.46796672443815585 0.2644878992337317
9 0.37854548203316307 0.31168621193329255 0.3768353716804936 0.28030349240157126 0.33578485120563817 0.281020495432703 0.3374949615583077 0.31240321496442425 0.37854548203316307 0.31168621193329255
7 0.4981449597063847 0.3241901500128986 0.22661772167369687 0.3220785171892539 0.24479895395963253 0.7242799452999599 0.511065224496482 0.7364526803710377 0.4981449597063847 0.3241901500128986
8 0.27572502711691177 0.7510866211327938 0.2768673907395164 0.7872843449082276 0.48246042532942623 0.7979460170816872 0.4796636781321163 0.7618560023069328 0.27572502711691177 0.7510866211327938
1 0.482004234185091 0.8048082094812324 0.27746078745408465 0.7981739361180997 0.27925717643231884 0.8463585694051677 0.4853021855597977 0.8577129067602371 0.482004234185091 0.8048082094812324
2 0.4186116837853271 0.9032094041123391 0.4200111678910588 0.9259856709295535 0.5853296592528778 0.9378236703216063 0.5842625249398496 0.9124282613173568 0.4186116837853271 0.9032094041123391
10 0.5852360837896168 0.9390125029476715 0.39500373765133373 0.9257356610856204 0.3956473453178532 0.952061704938037 0.5863708456549398 0.9627429018610374 0.5852360837896168 0.9390125029476715
0 0.308724700042371 0.8716970277865201 0.17034487722303004 0.8691963414232228 0.1774429885887589 0.9655619285552675 0.3138990639904658 0.9729701085077461 0.308724700042371 0.8716970277865201