4 0.4499490418522101 0.12632173922030146 0.6776543998913077 0.1069586013024142 0.6711010306750246 0.042974194077331544 0.4452540449845549 0.053034781245686155 0.4499490418522101 0.12632173922030146
3 0.7769268743994094 0.11149916200309055 0.8255545822561428 0.10929469928885648 0.8165279517092947 0.01705454698988555 0.7694839495890565 0.019625157972574313 0.7769268743994094 0.11149916200309055
5 0.7789334398055853 0.14653383560143937 0.5033655525588895 0.16433566723400325 0.5055192448630371 0.20198619684183072 0.781087132109733 0.18418436520926687 0.7789334398055853 0.14653383560143937
6 0.7518478895179002 0.1989119499887709 0.5333425438805114 0.21302751117667415 0.5352820805031064 0.24693420290503584 0.7537874261404953 0.2328186417171326 0.7518478895179002 0.1989119499887709
9 0.6689719765835311 0.2525393433165241 0.6279455320547453 0.25518967338684306 0.6297380151093408 0.2865255964379716 0.6707644596381266 0.2838752663676527 0.6689719765835311 0.2525393433165241
7 0.8091379044584621 0.6857049797809233 0.7824393084494344 0.2844093325122474 0.511835366677606 0.30875325308633494 0.5449031219954448 0.7196190798713038 0.8091379044584621 0.6857049797809233
8 0.5802901705920417 0.7784027504265948 0.7841738715153066 0.7509613678323712 0.7812783471184989 0.7148856285432793 0.579056844833742 0.742298543345546 0.5802901705920417 0.7784027504265948
1 0.7883751989310923 0.8098795637292743 0.7847958509997627 0.7618347209802996 0.5815101409363819 0.7851867021467462 0.5841178805721536 0.8380465143986235 0.7883751989310923 0.8098795637292743
2 0.4932738462806577 0.9258749335482361 0.6568539127006495 0.9005637203847164 0.6557109596364091 0.8778084430671813 0.49150742721757185 0.9005433398820949 0.4932738462806577 0.9258749335482361
10 0.6840627295649002 0.9244884550267417 0.6817701181242971 0.8982664662444838 0.49349970494767464 0.9270490200102863 0.49501306757218627 0.9507310598036848 0.6840627295649002 0.9244884550267417
0 0.9032191509562914 0.9200318917084443 0.8995573179388628 0.8236586893722915 0.7618068323611206 0.8374812472481322 0.7679345818720599 0.938575114026411 0.9032191509562914 0.9200318917084443