4 0.5496039582431451 0.0652688712447854 0.3236663575637736 0.06584565512536586 0.32060970466131883 0.13006173626124634 0.5489083678383094 0.1386889306865081 0.5496039582431451 0.0652688712447854
3 0.22421138876233032 0.04715316265235918 0.17712265214951117 0.04679888852376136 0.1731360489144917 0.1393532288675352 0.22178535198332008 0.1392672854090175 0.22421138876233032 0.04715316265235918
5 0.22159065758474694 0.2120611532238625 0.4975699770862103 0.2168771447802309 0.4976695323535529 0.17917038857664552 0.22169021285208956 0.17435439702027708 0.22159065758474694 0.2120611532238625
6 0.2514828675028818 0.25935281951300165 0.4703144490741182 0.2631715514781996 0.4704041049114963 0.22921422413145065 0.2515725233402599 0.22539549216625268 0.2514828675028818 0.25935281951300165
9 0.3371174342048319 0.30644234554577 0.37820513261463484 0.3071593485769018 0.37828799084343734 0.2757766290451805 0.33720029243363436 0.27505962601404876 0.3371174342048319 0.30644234554577
7 0.48644688962193455 0.7357428910012334 0.49707927337596447 0.32381346890729384 0.2256976867334639 0.3122296879265339 0.22090054963006392 0.7143007465611533 0.48644688962193455 0.7357428910012334
8 0.4535970127223148 0.7600020040837562 0.25029237931073633 0.7421357472686161 0.2493667583248289 0.7783045000493641 0.4543317759983175 0.7961209898531963 0.4535970127223148 0.7600020040837562
1 0.4537589514902638 0.8558733940344034 0.453483608152452 0.8029542112580559 0.2493380070804021 0.7891940912592361 0.2483815710387727 0.8373497826389622 0.4537589514902638 0.8558733940344034
2 0.5495844301580874 0.9139383598716869 0.3844755013422136 0.8989559036154442 0.3845737091615126 0.9217376970280307 0.5492006942058915 0.9393227156851928 0.5495844301580874 0.9139383598716869
10 0.5488182154813012 0.9642308940338803 0.5490392125300696 0.9405060217158862 0.3595828655865436 0.9206154159103619 0.358722477328021 0.9469138558732637 0.5488182154813012 0.9642308940338803
0 0.27578728727400725 0.9649295230759931 0.27639886091225035 0.8636684554278647 0.1381746464178739 0.8563431385670126 0.1397669949472428 0.952773183253499 0.27578728727400725 0.9649295230759931