4 0.4589575 0.06448625000000001 0.45945916666666664 0.13792625 0.6877458333333334 0.13328250000000003 0.6848591666666666 0.06900625 0.4589575 0.06448625000000001
3 0.7843483333333332 0.0520475 0.7865308333333333 0.14421375 0.8351725 0.14514875000000002 0.8314308333333332 0.052515000000000006 0.7843483333333332 0.0520475
5 0.7865333333333332 0.21701875000000004 0.7865333333333332 0.17930625 0.5105833333333334 0.17930625 0.5105833333333334 0.21701875000000004 0.7865333333333332 0.21701875000000004
6 0.7565208333333332 0.26379375 0.7565208333333332 0.22983125 0.5377125 0.22983125 0.5377125 0.26379375 0.7565208333333332 0.26379375
9 0.6707749999999999 0.30939375 0.6707749999999999 0.27800625 0.6296916666666666 0.27800625 0.6296916666666666 0.30939375 0.6707749999999999 0.30939375
7 0.5203350000000001 0.73613375 0.7858975 0.71932375 0.7821625 0.31712625 0.5107916666666666 0.323975 0.5203350000000001 0.73613375
8 0.5531158333333334 0.76096875 0.5522858333333334 0.7970787500000001 0.7572666666666668 0.7828375000000001 0.7564366666666666 0.74664875 0.5531158333333334 0.76096875
1 0.5527008333333333 0.8568475 0.7580958333333334 0.8419062500000001 0.7572666666666668 0.7937287500000001 0.5531158333333334 0.8039275000000001 0.5527008333333333 0.8568475
2 0.45673666666666657 0.91324625 0.45705333333333337 0.9386400000000001 0.6217016666666667 0.9239262500000001 0.62186 0.90114375 0.45673666666666657 0.91324625
10 0.45737 0.9635575000000001 0.6474825000000001 0.94955625 0.6466916666666666 0.9232400000000001 0.4572116666666666 0.9398262500000001 0.45737 0.9635575000000001
0 0.7303575 0.9690212500000001 0.8663891666666665 0.9592375 0.8682358333333333 0.8628250000000001 0.7300133333333333 0.8677387500000001 0.7303575 0.9690212500000001