4 0.54421768707483 0.10280676328502415 0.54421768707483 0.024014492753623187 0.03700680272108842 0.024014492753623187 0.03700680272108842 0.10280676328502415 0.54421768707483 0.10280676328502415
3 0.960544217687075 0.12792753623188405 0.960544217687075 0.020922705314009662 0.8185034013605441 0.020922705314009662 0.8185034013605441 0.12792753623188405 0.960544217687075 0.12792753623188405
5 0.6965986394557824 0.20328985507246375 0.6965986394557824 0.15854589371980676 0.28517006802721095 0.15854589371980676 0.28517006802721095 0.20328985507246375 0.6965986394557824 0.20328985507246375
6 0.760312925170068 0.262536231884058 0.760312925170068 0.20814975845410627 0.22915646258503403 0.20814975845410627 0.22915646258503403 0.262536231884058 0.760312925170068 0.262536231884058
9 0.5707210884353743 0.3002270531400966 0.5707210884353743 0.2721400966183574 0.42759183673469386 0.2721400966183574 0.42759183673469386 0.3002270531400966 0.5707210884353743 0.3002270531400966
7 0.7891156462585035 0.7134251207729468 0.7891156462585035 0.3255507246376811 0.21551020408163263 0.3255507246376811 0.21551020408163263 0.7134251207729468 0.7891156462585035 0.7134251207729468
8 0.7237346938775511 0.7712125603864735 0.7237346938775511 0.7355314009661834 0.26007482993197284 0.7355314009661834 0.26007482993197284 0.7712125603864735 0.7237346938775511 0.7712125603864735
1 0.7277074829931974 0.8502850241545894 0.7277074829931974 0.7829903381642511 0.2584693877551021 0.7829903381642511 0.2584693877551021 0.8502850241545894 0.7277074829931974 0.8502850241545894
2 0.3257619047619048 0.9416038647342994 0.3257619047619048 0.9210434782608695 0.05861904761904761 0.9210434782608695 0.05861904761904761 0.9416038647342994 0.3257619047619048 0.9416038647342994
10 0.3393809523809524 0.9699565217391304 0.3393809523809524 0.9463140096618355 0.055721088435374135 0.9463140096618355 0.055721088435374135 0.9699565217391304 0.3393809523809524 0.9699565217391304
0 0.9909047619047621 0.9905700483091787 0.9909047619047621 0.876830917874396 0.656061224489796 0.876830917874396 0.656061224489796 0.9905700483091787 0.9909047619047621 0.9905700483091787