4 0.9403990465053809 0.10004371539445639 0.9374410708449827 0.021267789846475503 0.43053203668924633 0.03655725050785484 0.43349001234964474 0.11533317605583572 0.9403990465053809 0.10004371539445639
3 0.16031060046616702 0.14871685820683922 0.15629348453251754 0.041734224798637136 0.01433719921637241 0.046015929983851706 0.018354315150021908 0.15299856339205378 0.16031060046616702 0.14871685820683922
5 0.696155747987509 0.20798664289144042 0.6944759950404453 0.1632519634049046 0.28329227205574947 0.17565414394138829 0.28497202500281316 0.22038882342792407 0.696155747987509 0.20798664289144042
6 0.7543602133129235 0.2655322446998659 0.7523184665327418 0.21115705341726818 0.2214781045842456 0.22716833410987144 0.22351985136442737 0.28154352539246913 0.7543602133129235 0.2655322446998659
9 0.5574578994545123 0.30919692060509685 0.5564034745317927 0.2811157905538423 0.41335940158870393 0.2854303057404761 0.41441382651142356 0.31351143579173063 0.5574578994545123 0.30919692060509685
7 0.78492537093635 0.7159162440032857 0.770364005775505 0.3281223100825385 0.19709992637620657 0.34541318083049327 0.21166129153705165 0.7332071147512403 0.78492537093635 0.7159162440032857
8 0.742556690249483 0.7750350604550547 0.7412171679792375 0.7393613028770417 0.27783323624658357 0.7533379533566326 0.279172758516829 0.7890117109346454 0.742556690249483 0.7750350604550547
1 0.7471296715185012 0.8540427263632524 0.7446033317913797 0.7867620002514575 0.2756444884706398 0.8009068019883221 0.2781708281977612 0.868187528100117 0.7471296715185012 0.8540427263632524
2 0.9502893183667976 0.9393182970122049 0.9495174517567022 0.9187621756674959 0.6825335760687226 0.9268149803908378 0.683305442678818 0.9473711017355468 0.9502893183667976 0.9393182970122049
10 0.9542499526262254 0.9675777157998028 0.9533623785684702 0.9439401082196789 0.6698713256416207 0.952490804714558 0.6707588996993759 0.976128412294682 0.9542499526262254 0.9675777157998028
0 0.35480500185959585 1 0.3507710199402159 0.8925681966902407 0.01612675385634165 0.902661783501861 0.019781729322833768 1 0.35480500185959585 1