4 1 0.9595598916369753 1 0.9482347874677485 0.9961461772270047 0.8807930477652554 0.48963763658598697 0.8984944523512313 0.49413731989178217 0.9772387247603206 1 0.9595598916369753
3 0.22040798015309027 0.9899010621478206 0.21429712882118573 0.8829614156817676 0.0724529988777246 0.8879185686827759 0.07856385020962915 0.9948582151488289 0.22040798015309027 0.9899010621478206
5 0.7451433875091882 0.8337486451619457 0.7425881412321634 0.7890319406216034 0.3317292820855869 0.8033905906934896 0.33428452836261163 0.8481072952338319 0.7451433875091882 0.8337486451619457
6 0.7982466434173389 0.7822201511233663 0.7951407308081028 0.7278668084635548 0.26471976979347495 0.7464039016780533 0.26782568240271115 0.8007572443378648 0.7982466434173389 0.7822201511233663
9 0.5964316743115691 0.7251940888299592 0.5948276792937952 0.6971242421232491 0.45189662115153373 0.7021193809710085 0.45350061616930765 0.7301892276777185 0.5964316743115691 0.7251940888299592
7 0.8051694499956716 0.6644144548826817 0.7830186484860275 0.27677634134952606 0.2102074877181812 0.29679488258731435 0.23235828922782528 0.68443299612047 0.8051694499956716 0.6644144548826817
8 0.7372532825793572 0.2562388107178036 0.7352155964422264 0.22057938729575974 0.2721977703557123 0.2367608831886105 0.27423545649284314 0.2724203066106543 0.7372532825793572 0.2562388107178036
1 0.7361462080615436 0.2087527550980216 0.7323031309033751 0.14149906321214709 0.2637147977980087 0.15787523656959682 0.2675578749561771 0.22512892845547136 0.7361462080615436 0.2087527550980216
2 0.9278358481483615 0.06380903695770712 0.9266616818608407 0.043261175316193876 0.6598887420677513 0.052584326578147746 0.661062908355272 0.073132188219661 0.9278358481483615 0.06380903695770712
10 0.9292866403775688 0.038452762364709056 0.9279364595008943 0.014824652666972431 0.6446693842910077 0.024724239153373056 0.6460195651676821 0.04835234885110968 0.9292866403775688 0.038452762364709056
0 0.3337458587608524 0.12884509552861229 0.32725042382819497 0.015175251898961932 0.0005909180502350115 0.02659131226057552 0.0031199949274192834 0.14039977173386775 0.3337458587608524 0.12884509552861229