4 0.9640606428372652 0.9678326668915268 0.9632690856640345 0.8890523968045665 0.45606988124024334 0.8979044473077219 0.456861438413474 0.9766847173946822 0.9640606428372652 0.9678326668915268
3 0.1826131008029916 0.9845629797057482 0.18153811665908848 0.877574446141912 0.03950057121422833 0.8800534001991261 0.040575555358131454 0.9870419337629622 0.1826131008029916 0.9845629797057482
5 0.7145515726066102 0.8376528018782536 0.7141020690788075 0.7929156552476329 0.30268297192817856 0.8000960738961153 0.30313247545598127 0.844833220526736 0.7145515726066102 0.8376528018782536
6 0.7700655614455646 0.7870789198446204 0.7695191880147717 0.7327007297379988 0.23837495677269005 0.7419706882048226 0.23892133020348286 0.7963488783114442 0.7700655614455646 0.7870789198446204
9 0.5709919017401968 0.72656150252001 0.5707097366019281 0.6984788237777914 0.4275837808471457 0.7009767736515359 0.42786594598541444 0.7290594523937545 0.5709919017401968 0.72656150252001
7 0.7825320806649003 0.6694576743470901 0.7786354451383096 0.28164235336106747 0.20504321180925805 0.29165314867257597 0.2089398473358487 0.6794684696585986 0.7825320806649003 0.6694576743470901
8 0.7338497630083809 0.2603172000244441 0.7334913055417053 0.22464147501755938 0.2698421186436799 0.23273345541179313 0.2702005761103557 0.2684091804186779 0.7338497630083809 0.2603172000244441
1 0.7349783896949879 0.21283747222300187 0.7343023387187094 0.14555303553928903 0.26507504898233225 0.15374236949324105 0.26575109995861085 0.22102680617695386 0.7349783896949879 0.21283747222300187
2 0.9334372283179065 0.07131748892561182 0.9332306760598276 0.05076023389862837 0.6660939706182732 0.05542251961830264 0.6663005228763523 0.0759797746452861 0.9334372283179065 0.07131748892561182
10 0.9360812497948579 0.046000229987466536 0.9358437341108731 0.02236131877927617 0.652190402216248 0.027311866014798954 0.6524279179002328 0.05095077722298932 0.9360812497948579 0.046000229987466536
0 0.3364529742076517 0.12595011921851387 0.3353103364341052 0.01222831180420414 0.00047450971538388073 0.018072137312067846 0.0016171474889303953 0.13179394472637757 0.3364529742076517 0.12595011921851387