4 0.018894956750723807 0.9424927275873783 0.5253944674415786 0.9741260048124474 0.5297262889622093 0.8954849551738229 0.023226778271354578 0.8638516779487538 0.018894956750723807 0.9424927275873783
3 0.7991325630482328 0.9941902389019747 0.9415202285715993 0.9931355154536534 0.9468499965821415 0.896377477597475 0.8050083954122776 0.8875188023230725 0.7991325630482328 0.9941902389019747
5 0.27410640132580333 0.8236967497774237 0.6849579357488572 0.8493563609170719 0.6874178579391749 0.804698273746444 0.27656632351612104 0.7790386626067958 0.27410640132580333 0.8236967497774237
6 0.22089846484274706 0.7706946798073914 0.7513099696005519 0.8038213735538157 0.7543000153810093 0.7495392805537153 0.22388851062320453 0.7164125868072913 0.22089846484274706 0.7706946798073914
9 0.42257357393908057 0.7192029950360928 0.5655020839301694 0.7281295528796478 0.5670462415218891 0.7000965018312748 0.4241177315308002 0.6911699439877198 0.42257357393908057 0.7192029950360928
7 0.2137257861216764 0.6526679559704708 0.7865267349072567 0.6884420699138429 0.8078511953543104 0.3013120959417301 0.23505024656873003 0.26553798199835793 0.2137257861216764 0.6526679559704708
8 0.28076772309896364 0.24625349589517545 0.7437772945805526 0.2751706218220297 0.7457389643384545 0.2395579429360161 0.2827293928568655 0.2106408170091618 0.28076772309896364 0.24625349589517545
1 0.28177371803331447 0.19878551676662898 0.7503536972236817 0.22805054086038992 0.7540534074494566 0.16088500919478357 0.2854734282590893 0.13161998510102263 0.28177371803331447 0.19878551676662898
2 0.08979352271508668 0.048533244876374525 0.35656170652450014 0.06519417294274336 0.3576920702517721 0.044673246685110996 0.09092388644235859 0.02801231861874214 0.08979352271508668 0.048533244876374525
10 0.08956305164450314 0 0.08828894486235311 0.0231304762264019 0.3715509700338561 0.040821522279660044 0.37285078208302636 0.017224385741865404 0.09706073705754342 0 0.08956305164450314 0
0 0.6839670677230906 0.12992169317202787 1 0.14965943654187044 1 0.03574806140792925 0.6902201888685062 0.01640085487087664 0.6839670677230906 0.12992169317202787