4 0.4169388536842724 0.11153888010487217 0.9743275546728462 0.16149136930696883 0.9815586073768967 0.08080455794138937 0.4241699063883231 0.030852068739292696 0.4169388536842724 0.11153888010487217
3 0.06669477463603522 0.08982923555003021 0.20428148994322437 0.10215958759797247 0.21273080741608427 0.007878918793188307 0.07449788574028438 0.002759180953343866 0.06669477463603522 0.08982923555003021
5 0.198792842351067 0.1694968001136383 0.8070994616029311 0.22401249046733565 0.810054761403717 0.1910361414744466 0.20174814215185297 0.13652045112074926 0.198792842351067 0.1694968001136383
6 0.30745078987003577 0.2159781790237775 0.6999791884816685 0.25115609088023955 0.7025098415900068 0.22291810972573417 0.30998144297837416 0.18774019786927218 0.30745078987003577 0.2159781790237775
9 0.46539695868251496 0.2731742242800269 0.5410696521014691 0.2799559179063951 0.5434116690523104 0.2538228100918614 0.4677389756333565 0.24704111646549318 0.46539695868251496 0.2731742242800269
7 0.09781657265646473 0.7626498810624661 0.8200384920229034 0.8273745203755425 0.8656333155888616 0.3186102949049547 0.14341139622242294 0.2538856555918783 0.09781657265646473 0.7626498810624661
8 0.30184218006411256 0.8199838521837917 0.6045194117403908 0.847109413071937 0.6067063852741114 0.8227063381395716 0.3040291535978333 0.7955807772514263 0.30184218006411256 0.8199838521837917
1 0.2965111876810028 0.8644655197087098 0.6026687132385752 0.8919029802500363 0.606470722367304 0.8494787294617494 0.3003131968097318 0.822041268920423 0.2965111876810028 0.8644655197087098
2 0.541913462090629 0.9562104324858316 0.8598389852468181 0.9847025264848019 0.8628942019164152 0.9506112674122934 0.544968678760226 0.9221191734133228 0.541913462090629 0.9562104324858316
10 0.5022309574428339 0.9900226301087051 0.6135622110364585 1 0.8582086800163862 1 0.8589012189248969 0.99227238984954 0.5048727250001088 0.9605447920553123 0.5022309574428339 0.9900226301087051
0 0 0.9679750244647093 0.2787914020021966 0.9929599667024199 0.28796566553416125 0.8905900765469956 0 0.8647829481056449 0 0.9679750244647093