4 0.5533556189629802 1 0.9395638725824433 1 0.940947753101759 0.9443673671918452 0.36244221742686134 0.917125088405717 0.36060646222156373 0.990923291239357 0.5533556189629802 1
3 0.1711908426795747 0.995351617409296 0.17376037258889646 0.8920553342839646 0.03563351670070583 0.885550832453109 0.03306398679138414 0.9888471155784404 0.1711908426795747 0.995351617409296
5 0.8000161771366912 0.8885209877409287 0.8010889121254228 0.8453965482422945 0.17698480675668554 0.816006997094461 0.1759120717679539 0.859131436593095 0.8000161771366912 0.8885209877409287
6 0.687415529490531 0.8382490451596732 0.6882466294248176 0.8048384458877706 0.2770988468621628 0.7854771747777138 0.2762677469278762 0.8188877740496165 0.687415529490531 0.8382490451596732
9 0.5319694964531054 0.7836680715728869 0.5324546843005229 0.7641632971493705 0.4482392740825289 0.7601975275209603 0.4477540862351115 0.7797023019444767 0.5319694964531054 0.7836680715728869
7 0.8492005655072036 0.7675641793311712 0.8619897240287281 0.25343412979114294 0.1406439861195686 0.21946539400302073 0.12785482759804406 0.7335954435430488 0.8492005655072036 0.7675641793311712
8 0.663941186377266 0.23152200772374357 0.6645706840488659 0.20621591205370715 0.34608701898736516 0.1912182668154271 0.3454575213157653 0.21652436248546353 0.663941186377266 0.23152200772374357
1 0.664697573989481 0.20138822199924283 0.6657115782358127 0.16062478533349495 0.34303072579409244 0.14542949125405705 0.3420167215477607 0.18619292791980493 0.664697573989481 0.20138822199924283
2 0.9224254473708932 0.14047955845833118 0.9232021314744664 0.10925650058669438 0.6253919913084149 0.09523238782816279 0.6246153072048417 0.1264554456997996 0.9224254473708932 0.14047955845833118
10 0.9223240376365539 0.09918119433794967 0.9231103104327638 0.06757266661604584 0.5663493831141168 0.050772515117626996 0.5655631103179067 0.08238104283953084 0.9223240376365539 0.09918119433794967
0 0.34557064799363424 0.1220464855706105 0.3482161682921018 0.01569535388191218 0.05710251155144906 0.0019865837728654996 0.05445699125298147 0.10833771546156382 0.34557064799363424 0.1220464855706105