4 0.4112890828736556 0.1127272892478998 0.9697538251805683 0.1529443962907387 0.9743769995852853 0.07214367464658507 0.41591225727837283 0.031926567603746174 0.4112890828736556 0.1127272892478998
3 0.0606808532491563 0.09713355319687854 0.19853318031033776 0.1070608079965686 0.2042260926175468 0.007563929356205438 0.06609847074151387 0.0024480915089449586 0.0606808532491563 0.09713355319687854
5 0.19522041535734877 0.17448355483718256 0.8047013731908405 0.21837452782951305 0.8065908444692901 0.18535162420103277 0.19710988663579837 0.14146065120870227 0.19522041535734877 0.17448355483718256
6 0.30527256112754025 0.2190615117454341 0.6985587375247263 0.24738350068478604 0.7001767108899507 0.21910565432498577 0.3068905344927647 0.19078366538563382 0.30527256112754025 0.2190615117454341
9 0.46491108046343527 0.2734923050336285 0.5407298603470851 0.27895229517345804 0.5422272291626212 0.25278229372611394 0.46640844927897135 0.24732230358628438 0.46491108046343527 0.2734923050336285
7 0.1134612731985119 0.7693085745980113 0.8370774451302966 0.8214188455603214 0.8662285009896533 0.3119363679532182 0.14261232905786841 0.2598260969909082 0.1134612731985119 0.7693085745980113
8 0.3191395161911349 0.8230730756537398 0.622401067583307 0.8449120591210502 0.6237993093717021 0.8204745329442178 0.32053775797953005 0.7986355494769076 0.3191395161911349 0.8230730756537398
1 0.3152475043317808 0.8676410070510263 0.6219960683277643 0.8897311031643524 0.6244268833155454 0.8472469595863542 0.3176783193195618 0.8251568634730281 0.3152475043317808 0.8676410070510263
2 0.5633720008266715 0.9550890863999251 0.8819112805919629 0.9780282754680671 0.8838646337323477 0.943888887776368 0.5653253539670564 0.920949698708226 0.5633720008266715 0.9550890863999251
10 0.5248174665000701 0.9895886894608902 0.6693915118461915 1 0.8803952676362632 1 0.8812184283778364 0.9856133521849425 0.5265064809014123 0.9600692358238895 0.5248174665000701 0.9895886894608902
0 0 0.9703975166836502 0 0.9746995616053851 0.3016867334324188 0.9964251366197305 0.307552299910637 0.8939107249184941 0.005620426476338557 0.8721674964679524 0 0.9703975166836502