4 0.6005434782608696 0.10067984570877532 0.6005434782608696 0.019725168756027003 0.041304347826086926 0.019725168756027003 0.041304347826086926 0.10067984570877532 0.6005434782608696 0.10067984570877532
3 0.9510869565217392 0.11031340405014464 0.9510869565217392 0.005829315332690455 0.8130434782608698 0.005829315332690455 0.8130434782608698 0.11031340405014464 0.9510869565217392 0.11031340405014464
5 0.8125000000000001 0.17782545805207328 0.8125000000000001 0.14473963355834138 0.20217391304347826 0.14473963355834138 0.20217391304347826 0.17782545805207328 0.8125000000000001 0.17782545805207328
6 0.7002038043478263 0.21439729990356796 0.7002038043478263 0.18606557377049182 0.30637228260869565 0.18606557377049182 0.30637228260869565 0.21439729990356796 0.7002038043478263 0.21439729990356796
9 0.5378940217391305 0.25723722275795563 0.5378940217391305 0.23101735776277724 0.4619701086956522 0.23101735776277724 0.4619701086956522 0.25723722275795563 0.5378940217391305 0.25723722275795563
7 0.8600951086956522 0.7772131147540984 0.8600951086956522 0.2667598842815814 0.13547554347826085 0.2667598842815814 0.13547554347826085 0.7772131147540984 0.8600951086956522 0.7772131147540984
8 0.6519089673913044 0.8160800385728062 0.6519089673913044 0.791595949855352 0.3482269021739131 0.791595949855352 0.3482269021739131 0.8160800385728062 0.6519089673913044 0.8160800385728062
1 0.6532472826086958 0.8608293153326906 0.6532472826086958 0.8182642237222758 0.3460733695652174 0.8182642237222758 0.3460733695652174 0.8608293153326906 0.6532472826086958 0.8608293153326906
2 0.40080842391304355 0.9302555448408873 0.40080842391304355 0.8960511089681775 0.08182744565217392 0.8960511089681775 0.08182744565217392 0.9302555448408873 0.40080842391304355 0.9302555448408873
10 0.43728940217391316 0.9674493731918998 0.43728940217391316 0.9378736740597878 0.08208559782608696 0.9378736740597878 0.08208559782608696 0.9674493731918998 0.43728940217391316 0.9674493731918998
0 0.9617730978260871 0.9903037608486018 0.9617730978260871 0.8875940212150435 0.6594225543478262 0.8875940212150435 0.6594225543478262 0.9903037608486018 0.9617730978260871 0.9903037608486018