4 0.3849309313300872 0.004258954692855129 0.3847359847928508 0.07813353198472404 0.9634659461894162 0.07108956814870196 0.96365354340692 0 0.7348453747264494 0 0.3849309313300872 0.004258954692855129
3 0.057355516517101864 0.09830006832411747 0.19553595740561272 0.09661821652208624 0.19579092179844473 0 0.05761491912395781 0 0.057355516517101864 0.09830006832411747
5 0.19666656450010192 0.17279179824532845 0.8210127851220318 0.16519261988482814 0.8211267033453451 0.12202355049580836 0.19678048272341522 0.12962272885630868 0.19666656450010192 0.17279179824532845
6 0.29585042291639874 0.20682292429306467 0.7071577063517741 0.20181673172784861 0.7072459643361824 0.1683715555107019 0.295938680900807 0.17337774807591796 0.29585042291639874 0.20682292429306467
9 0.46614061267148116 0.23808341962203589 0.5503886934570812 0.23705800107816788 0.5504402175875809 0.2175330409790895 0.46619213680198085 0.21855845952295747 0.46614061267148116 0.23808341962203589
7 0.143957145713301 0.7681634360284507 0.8655827228423453 0.7593802300299584 0.8669408571735155 0.24471810243809375 0.1453152800444712 0.25350130843658614 0.143957145713301 0.7681634360284507
8 0.3484372467088595 0.803589836229486 0.6670444644798215 0.7997119348427001 0.6671113134752227 0.774379649654864 0.3485040957042608 0.77825755104165 0.3484372467088595 0.803589836229486
1 0.3441247901603852 0.8492794886312018 0.6669308235705005 0.8453504817073103 0.6670385049301909 0.8045448585753432 0.34423247152007574 0.8084738654992347 0.3441247901603852 0.8492794886312018
2 0.6248498735857817 0.9093456879131394 0.9227755463638916 0.9057195102398643 0.9228580257032291 0.8744641393302722 0.6249323529251192 0.8780903170035472 0.6248498735857817 0.9093456879131394
10 0.5646384073728948 0.9517510361505835 0.9215377367009246 0.947407065496601 0.9216212343037107 0.9157658258103474 0.5647219049756809 0.9201097964643301 0.5646384073728948 0.9517510361505835
0 0.0545119771334976 0.9827609167982354 0.34573856864913943 0.9792162764382067 0.34601950753461097 0.8727550809572633 0.05479291601896917 0.8762997213172922 0.0545119771334976 0.9827609167982354