4 0.045067934782608704 0.9067396889756933 0.045067934782608704 0.9805873263913152 0.6237364130434784 0.9591551605298015 0.6237364130434784 0.8853075231141796 0.045067934782608704 0.9067396889756933
3 0.8128736413043478 0.862125969997764 0.8128736413043478 0.9654914473362404 0.9510394021739131 0.9603741969336639 0.9510394021739131 0.8570087195951875 0.8128736413043478 0.862125969997764
5 0.18726222826086958 0.8091347572875273 0.18726222826086958 0.8522880841920596 0.8115421195652176 0.829166606736343 0.8115421195652176 0.7860132798318107 0.18726222826086958 0.8091347572875273
6 0.30101222826086954 0.769695179088306 0.30101222826086954 0.8031281588375827 0.7122758152173914 0.7878961741354893 0.7122758152173914 0.7544631943862125 0.30101222826086954 0.769695179088306
9 0.4576766304347827 0.7305707108910722 0.4576766304347827 0.7500885508139267 0.5419157608695653 0.7469685830200459 0.5419157608695653 0.7274507430971914 0.4576766304347827 0.7305707108910722
7 0.1411277173913044 0.21631113815012018 0.1411277173913044 0.7307855836660316 0.8626766304347826 0.7040615498496064 0.8626766304347826 0.18958710433369508 0.1411277173913044 0.21631113815012018
8 0.3395448369565217 0.17105975227958442 0.3395448369565217 0.19638279953127197 0.6581182065217391 0.18458378584367133 0.6581182065217391 0.15926073859198378 0.3395448369565217 0.17105975227958442
1 0.3395380434782609 0.1254380173903726 0.3395380434782609 0.16622875991689132 0.6623097826086957 0.15427425106020856 0.6623097826086957 0.11348350853368984 0.3395380434782609 0.1254380173903726
2 0.08355298913043481 0.07145703597527542 0.08355298913043481 0.1027010089743112 0.38144701086956523 0.09166789705804711 0.38144701086956523 0.06042392405901132 0.08355298913043481 0.07145703597527542
10 0.08468070652173916 0.02975663799910553 0.08468070652173916 0.06138633905985768 0.4415421195652175 0.048169249687876996 0.4415421195652175 0.01653954862712485 0.08468070652173916 0.02975663799910553
0 0.6603532608695653 0 0.6603532608695653 0.09006513334327158 0.9515489130434782 0.07928010918868221 0.9515489130434782 0 0.6603532608695653 0