4 0 0.939977930671869 0.529051498270709 0.9706678955100839 0.5384966927498982 0.8898122188033234 0 0.858574343813821 0 0.939977930671869
3 0.7408652920992392 0.9771705208376631 0.8794360740209838 0.9730647198918336 0.8879249789552349 0.9003953688826477 0.7507632802316668 0.8924386997781548 0.7408652920992392 0.9771705208376631
5 0.14781236153157054 0.8228447433732984 0.7542398720298662 0.8580232449652092 0.7581000819474478 0.8249778814415767 0.15167257144915225 0.789799379849666 0.14781236153157054 0.8228447433732984
6 0.2561667495966375 0.7875752165750831 0.647482595974723 0.8102752176245738 0.6507881327680354 0.7819781386294026 0.2594722863899499 0.759278137579912 0.2561667495966375 0.7875752165750831
9 0.41601530687201466 0.7516468862983147 0.4914542411699771 0.7560230543057856 0.4945133815855716 0.7298352538333994 0.4190744472876092 0.7254590858259284 0.41601530687201466 0.7516468862983147
7 0.09577646343381613 0.6971292942049543 0.8157673803949714 0.7388955419097579 0.8753232975553532 0.22906654955768377 0.15533238059419804 0.18730030185288019 0.09577646343381613 0.6971292942049543
8 0.3684028317445763 0.1851978020330138 0.6701450687692292 0.20270169092617488 0.6730016916140966 0.17824754403416 0.37125945458944365 0.16074365514099892 0.3684028317445763 0.1851978020330138
1 0.3693745126985188 0.15843801388178813 0.6745862926928524 0.17614316891273013 0.6795524735661272 0.13363013055851428 0.37434069357179356 0.11592497552757226 0.3693745126985188 0.15843801388178813
2 0.115892110876356 0.06551542040421231 0.43283553616505777 0.08390112124733981 0.43682625740599695 0.04973851430524576 0.1198828321172952 0.03135281346211826 0.115892110876356 0.06551542040421231
10 0.12380356733539048 0 0.12102816241001094 0.023758880123779243 0.47396303344645224 0.04423242347011316 0.47741370783211917 0.014692892742342409 0.2241290605461161 0 0.12380356733539048 0
0 0.7007944226870749 0.0046699562165369735 0.6888110079881059 0.10725409113061754 0.9892302286274328 0.12468123262493601 0.9975340456995405 0.0535963280108755 0.9984720684384881 0.021938060571396564 0.7007944226870749 0.0046699562165369735