4 0.5928999950034106 0.9212055133410808 0.03399367769914482 0.875389859047448 0.03095452217784013 0.9561080544162178 0.5663934686202189 1 0.5899332698668565 1 0.5928999950034106 0.9212055133410808
3 0.8029622832882921 1 0.9413494173267695 1 0.9435965163167238 0.9403183634359619 0.8056351901794221 0.9290091543100312 0.8029622832882921 1
5 0.19766366431678606 0.8116488372318137 0.19642157466894847 0.8446380127303542 0.8063844457405623 0.8946389648894888 0.8076265353883999 0.8616497893909483 0.19766366431678606 0.8116488372318137
6 0.3031729833586276 0.7837202768808657 0.3021093694311001 0.8119692415018833 0.6957065150428944 0.8442338808448192 0.6967701289704218 0.8159849162238013 0.3031729833586276 0.7837202768808657
9 0.46028648300934627 0.753752845017658 0.4593021513997658 0.7798961175855775 0.5351808807752817 0.7861161826048395 0.5361652123848621 0.7599729100369198 0.46028648300934627 0.753752845017658
7 0.15350686665305754 0.2085478253650445 0.13434371497173025 0.7175099401536625 0.858532046227102 0.7768743831757232 0.8776951979084293 0.26791226838710513 0.15350686665305754 0.2085478253650445
8 0.3675907337077355 0.18722408875770977 0.36667156564715264 0.21163665552856226 0.6701729042785337 0.23651580249447537 0.6710920723391166 0.2121032357236229 0.3675907337077355 0.18722408875770977
1 0.3671184351996405 0.14242910369128955 0.36552048017033273 0.184869855848258 0.6725115885671948 0.21003507237572275 0.6741095435965028 0.1675943202187543 0.3671184351996405 0.14242910369128955
2 0.10563612967514752 0.05155733742651223 0.10435204574017816 0.08566185666094056 0.4231431927603979 0.11179436676423543 0.42442727669536734 0.07768984752980711 0.10563612967514752 0.05155733742651223
10 0.10729043826525271 0.014493307319800561 0.10618012379427696 0.04398261109538331 0.46117254005485575 0.07308267548310053 0.4622828545258315 0.043593371707517786 0.10729043826525271 0.014493307319800561
0 0.6851417980474834 0.03900399931645951 0.6812859260454088 0.14141370734180367 0.9834565353498751 0.16618376941654148 0.9873124073519497 0.0637740613911973 0.6851417980474834 0.03900399931645951