4 0.35359755824458294 0.10125676632215057 0.9319216606252603 0.07525215692933206 0.9293524997748976 0.006884092590925168 0.8259376428905004 0.006118056614003707 0.35082521125445176 0.027481705736541878 0.35359755824458294 0.10125676632215057
3 0.16518017697927795 0.12591692005363062 0.16129968763647096 0.022653029427208645 0.023216151663023904 0.028862019164601717 0.02709664100583093 0.13212590979102365 0.16518017697927795 0.12591692005363062
5 0.7932785092911755 0.17388991059166992 0.7916584710591518 0.13077899440982102 0.167750099796297 0.158833321429587 0.16937013802832068 0.20194423761143593 0.7932785092911755 0.17388991059166992
6 0.6809186619596642 0.21419368258396615 0.6796635396020271 0.18079356048285544 0.26864470290419384 0.19927521161484 0.26989982526183093 0.2326753337159507 0.6809186619596642 0.21419368258396615
9 0.5255984526824734 0.25452331149311286 0.5248657247759669 0.23502465353734475 0.4406767265425742 0.2388102505844327 0.44140945444908053 0.2583089085402008 0.5255984526824734 0.25452331149311286
7 0.8617051662854686 0.7657646890605181 0.8423910523822968 0.25179586465430076 0.12127154590123913 0.28422133510311554 0.14058565980441087 0.7981901595093328 0.8617051662854686 0.7657646890605181
8 0.6648290467654273 0.8125466498647111 0.6638783829894958 0.787248489888502 0.3454946020897602 0.8015647631083522 0.34644526586569174 0.8268629230845611 0.6648290467654273 0.8125466498647111
1 0.6665485514802556 0.8581234941738058 0.6650172080788119 0.8173728404421365 0.3424375561380896 0.831877782934172 0.34396889953953325 0.8726284366658414 0.6665485514802556 0.8581234941738058
2 0.9247637163349445 0.9100193980310309 0.9235907724529876 0.8788061313429436 0.6258740327324815 0.8921931015457505 0.6270469766144383 0.9234063682338378 0.9247637163349445 0.9100193980310309
10 0.9252005952442137 0.9516877651024982 0.9240131705735908 0.920089149442953 0.5673641320897099 0.9361260375787214 0.5685515567603329 0.9677246532382666 0.9252005952442137 0.9516877651024982
0 0.35071397748204663 1 0.34680613694762463 0.896008265483306 0.05578378047374174 0.9090942196628526 0.059199872097424916 1 0.35071397748204663 1