4 0.6237364130434784 0.09159112825458052 0.6237364130434784 0.017743490838958535 0.04506793478260872 0.017743490838958535 0.04506793478260872 0.09159112825458052 0.6237364130434784 0.09159112825458052
3 0.9510394021739131 0.10776759884281581 0.9510394021739131 0.004402121504339438 0.8128736413043478 0.004402121504339438 0.8128736413043478 0.10776759884281581 0.9510394021739131 0.10776759884281581
5 0.8115421195652176 0.18392960462873675 0.8115421195652176 0.14077627772420445 0.18726222826086955 0.14077627772420445 0.18726222826086955 0.18392960462873675 0.8115421195652176 0.18392960462873675
6 0.7122758152173914 0.2191562198649952 0.7122758152173914 0.18572324011571842 0.30101222826086954 0.18572324011571842 0.30101222826086954 0.2191562198649952 0.7122758152173914 0.2191562198649952
9 0.5419157608695653 0.25247830279652844 0.5419157608695653 0.23296046287367406 0.4576766304347827 0.23296046287367406 0.4576766304347827 0.25247830279652844 0.5419157608695653 0.25247830279652844
7 0.8626766304347826 0.7784619093539056 0.8626766304347826 0.2639874638379942 0.14112771739130436 0.2639874638379942 0.14112771739130436 0.7784619093539056 0.8626766304347826 0.7784619093539056
8 0.6581182065217391 0.8163645130183221 0.6581182065217391 0.7910414657666346 0.3395448369565217 0.7910414657666346 0.3395448369565217 0.8163645130183221 0.6581182065217391 0.8163645130183221
1 0.6623097826086957 0.8619864995178399 0.6623097826086957 0.8211957569913212 0.3395380434782609 0.8211957569913212 0.3395380434782609 0.8619864995178399 0.6623097826086957 0.8619864995178399
2 0.38144701086956523 0.9254484088717455 0.38144701086956523 0.8942044358727097 0.0835529891304348 0.8942044358727097 0.0835529891304348 0.9254484088717455 0.38144701086956523 0.9254484088717455
10 0.4415421195652175 0.9671070395371264 0.4415421195652175 0.9354773384763742 0.08468070652173916 0.9354773384763742 0.08468070652173916 0.9671070395371264 0.4415421195652175 0.9671070395371264
0 0.9515489130434782 0.9918997107039537 0.9515489130434782 0.8854773384763741 0.6603532608695653 0.8854773384763741 0.6603532608695653 0.9918997107039537 0.9515489130434782 0.9918997107039537