4 0.6028997183248782 0.10438052403066538 0.6048953629178085 0.024123559414288055 0.03930580221874357 0.010059786207537724 0.03731015762581325 0.09031675082391505 0.6028997183248782 0.10438052403066538
3 0.9569277427964489 0.12179947608126707 0.9594793665955533 0.019183217813394302 0.8256592673051123 0.01585568905809086 0.823107643506008 0.11847194732596363 0.9569277427964489 0.12179947608126707
5 0.8705699007000841 0.18316812151766262 0.8714455679498082 0.14795223401655735 0.13327224221873357 0.1295970468601271 0.13239657496900956 0.16481293436123237 0.8705699007000841 0.18316812151766262
6 0.7153210349756706 0.21268457222187406 0.716019751151122 0.18458495991177362 0.28366044075150254 0.17383404845970996 0.2829617245760512 0.2019336607698104 0.7153210349756706 0.21268457222187406
9 0.540020794165046 0.25677739589232496 0.5407032051810855 0.22933351286719617 0.4568387781280232 0.22724816624104818 0.45615636711198376 0.254692049266177 0.540020794165046 0.25677739589232496
7 0.8404859627705045 0.7837998071596618 0.8531828705938077 0.2731801880540444 0.13863375316875376 0.2554124330761611 0.12593684534545044 0.7660320521817786 0.8404859627705045 0.7837998071596618
8 0.6455163710979822 0.826801185711222 0.6461290174155546 0.8021629640529393 0.32761056227804497 0.7942427837199048 0.32699791596047245 0.8188810053781872 0.6455163710979822 0.826801185711222
1 0.6383161885765359 0.8729172933376061 0.6393725490682667 0.8304346353997651 0.32932372046812664 0.8227250581525091 0.32826735997639606 0.8652077160903503 0.6383161885765359 0.8729172933376061
2 0.3703264440585265 0.9287046622804596 0.37120050752207884 0.8935532727418106 0.0672165364960197 0.8859945023470499 0.0663424730324673 0.9211458918856988 0.3703264440585265 0.9287046622804596
10 0.41931904269982573 0.9686778708645853 0.42006426867425517 0.938707817643254 0.06368960778132364 0.9298463167321763 0.06294438180689427 0.9598163699535077 0.41931904269982573 0.9686778708645853
0 0.9502319344602447 1 0.9525624095766269 0.9062774706390981 0.6461585452541763 0.8986585279341148 0.6436386198902583 1 0.9502319344602447 1