4 0.5625863479878036 0 0.5185247876754885 0 0 0.051515746966949647 0 0.12933291310664538 0.0000973931311324024 0.13174477756425196 0.5656374455257368 0.07555803600182326 0.5625863479878036 0
3 0.7838733094131088 0 0.7863864120159906 0.06223501365788205 0.9201947975007339 0.04894107074034086 0.9182185155810175 0 0.7838733094131088 0
5 0.8365591481370268 0.08550475044454116 0.09845043765399497 0.15883629112903833 0.09986648056625878 0.19390348252975245 0.8379751910492907 0.12057194184525531 0.8365591481370268 0.08550475044454116
6 0.6837806360641134 0.1411466509639428 0.25145917179508587 0.1840980463282905 0.25258906684168464 0.21207901040688223 0.6849105311107123 0.16912761504253454 0.6837806360641134 0.1411466509639428
9 0.5116731031585134 0.20731204678424883 0.42781601709240785 0.21564329830750453 0.42891954503960245 0.24297130186245675 0.5127766311057079 0.2346400503392011 0.5116731031585134 0.20731204678424883
7 0.8264716121969146 0.21208278600032227 0.11198504209896065 0.283067452946438 0.13251723207925464 0.7915310239859146 0.8470038021772086 0.7205463570397989 0.8264716121969146 0.21208278600032227
8 0.6541723884828791 0.7628806420137645 0.3356818145329814 0.7945228705222881 0.3366725258745286 0.8190570593777329 0.6551630998244263 0.7874148308692093 0.6541723884828791 0.7628806420137645
1 0.6492660472716556 0.7917837262132006 0.3392443584790203 0.8225845659294747 0.3409526007223861 0.8648878444446219 0.6509742895150213 0.8340870047283476 0.6492660472716556 0.7917837262132006
2 0.3856559775168459 0.8877014743545337 0.08169861541717854 0.9178998195963579 0.08311206484425505 0.9529027853717961 0.3870694269439223 0.9227044401299719 0.3856559775168459 0.8877014743545337
10 0.4373730081005011 0.9264657295023475 0.0810295420994833 0.961868665416229 0.08223464821651368 0.9917121726278258 0.4385781142175315 0.9563092367139445 0.4373730081005011 0.9264657295023475
0 0.9668543676366972 0.8282287659949255 0.6604773240635263 0.8586675080345351 0.6646424612743241 0.9618138622278445 0.9710195048474951 0.9313751201882349 0.9668543676366972 0.8282287659949255