4 0.9846638513074326 0.9593770553143358 0.9826682067145023 0.8791304690067167 0.41707864601543754 0.8973843362806009 0.4190742906083678 0.97763092258822 0.9846638513074326 0.9593770553143358
3 0.19896106543193393 0.9971621680292663 0.1964425099264757 0.8958888839709459 0.06262241063603477 0.9002078009042898 0.06508288391101866 0.9991455484962428 0.19896106543193393 0.9971621680292663
5 0.8848724599319893 0.8453905769917732 0.8839967926822652 0.8101792433802328 0.14582346695119047 0.834003088177443 0.14669913420091452 0.8692144217889832 0.8848724599319893 0.8453905769917732
6 0.732471509753792 0.809809455654613 0.7317727935783407 0.7817134770036466 0.2994134831787213 0.7956674641615918 0.30011219935417266 0.8237634428125583 0.732471509753792 0.809809455654613
9 0.5568524771217066 0.7663667797945309 0.5561700661056672 0.7389264456338893 0.4723056390526048 0.7416330905700774 0.47298805006864436 0.769073424730719 0.5568524771217066 0.7663667797945309
7 0.8732644691410649 0.720076249580099 0.8605675613177617 0.20952266048309795 0.14601844389270754 0.23258405633705714 0.1587153517160109 0.7431376454340582 0.8732644691410649 0.720076249580099
8 0.657740989425442 0.19287144732366535 0.6571283431078693 0.16823641171998696 0.3386098879703598 0.17851629311874617 0.33922253428793225 0.2031513287224246 0.657740989425442 0.19287144732366535
1 0.6546143610227411 0.1645311203264162 0.6535580005310103 0.12205395596963757 0.3435091719308705 0.13206048819540037 0.3445655324226011 0.17453765255217898 0.6546143610227411 0.1645311203264162
2 0.9132530901009472 0.08639305189087373 0.9123790266373947 0.05124620790133263 0.6083950556113356 0.06105700259428906 0.609269119074888 0.09620384658383017 0.9132530901009472 0.08639305189087373
10 0.9145961966452385 0.042407779692543855 0.9138509706708092 0.012441602003601695 0.5574763097778777 0.023943256580950374 0.558221535752307 0.05390943426989253 0.9145961966452385 0.042407779692543855
0 0.3343971512006694 0.10680693938882486 0.3318214706089902 0.0032366064581771463 0.025417606286539707 0.01312550091484687 0.027993286878218844 0.11669583384549459 0.3343971512006694 0.10680693938882486