4 0.5925328128527935 0.1138801205385029 0.5850073620545911 0.024891472221644482 0.0007179423188257375 0.04846110652073729 0.0011710073980459616 0.07904299936810241 0.006117509285733208 0.13753551080505552 0.5925328128527935 0.1138801205385029
3 0.7731244481813309 0.022907391057224617 0.7806211514539092 0.1115560991477298 0.941814879138281 0.10505370994727782 0.9352743539950057 0.02771183271096313 0.7731244481813309 0.022907391057224617
5 0.8433237659194993 0.13783990098324161 0.10881587097163266 0.16746919408518895 0.11163007506285556 0.2007472294987647 0.8461379700107222 0.17111793639681738 0.8433237659194993 0.13783990098324161
6 0.6752478709688611 0.182007453052883 0.2744797393719988 0.19817402732482603 0.2767676436670919 0.2252285541775296 0.6775357752639543 0.20906197990558656 0.6752478709688611 0.182007453052883
9 0.5243345117363719 0.2395953647010895 0.4366971062903139 0.24313056750900455 0.43928133827718296 0.27368917690202643 0.526918743723241 0.2701539740941114 0.5243345117363719 0.2395953647010895
7 0.8427695832074837 0.2657176238865593 0.12133267235074598 0.29481964693268986 0.16431927625191586 0.8031373383872797 0.8857561871086536 0.7740353153411491 0.8427695832074837 0.2657176238865593
8 0.6841490657742326 0.8037009640127027 0.3698574794446313 0.8163791633824955 0.3719481349387569 0.8411012181148031 0.6862397212683582 0.8284230187450105 0.6841490657742326 0.8037009640127027
1 0.688047438292874 0.8326265031629206 0.3746302661239249 0.8452694295647347 0.3782943671225423 0.8885975176629658 0.6917115392914914 0.8759545912611517 0.688047438292874 0.8326265031629206
2 0.4189603826200422 0.915020668855899 0.11360892727779898 0.9273382325358424 0.11636222966549736 0.9598961037463467 0.4217136850077406 0.9475785400664033 0.4189603826200422 0.915020668855899
10 0.47771754270190875 0.9557380856847758 0.11807702886813694 0.9702456141524882 0.12033039189854441 0.9968916896661362 0.4799709057323162 0.9823841611984238 0.47771754270190875 0.9557380856847758
0 1 0.9940325173924235 1 0.8830832434484702 0.7066198656087574 0.8949178963527576 0.7155062821992554 1 0.8520665655725375 1 1 0.9940325173924235