4 1 0.884763764137739 0.4513762956891052 0.909490430990742 0.457953197806408 0.9896911028046641 1 0.9652608592857271 1 0.884763764137739
3 0.23083063822300567 0.9107942620455046 0.09736386705582988 0.9168096572255978 0.10418593885594575 1 0.23814600595695318 1 0.23083063822300567 0.9107942620455046
5 0.9158278595841625 0.8515757776369968 0.9129419861129219 0.8163845908083859 0.17671767549398557 0.8495664841803136 0.17960354896522637 0.8847576710089244 0.9158278595841625 0.8515757776369968
6 0.7615163753223899 0.8179370855723439 0.7592136667589516 0.7898571825290018 0.32799592406500355 0.8092923206408157 0.33029863262844167 0.8373722236841579 0.7615163753223899 0.8179370855723439
9 0.5835563472029728 0.7767333920415935 0.5813073743787732 0.7493087583500662 0.49766437639934397 0.7530785782272834 0.49991334922354347 0.7805032119188106 0.5835563472029728 0.7767333920415935
7 0.8970724743807756 0.7264408714761396 0.8552281899615422 0.21617940458180332 0.14256571213681124 0.2482993577105907 0.18440999655604487 0.7585608246049269 0.8970724743807756 0.7264408714761396
8 0.6516123604920028 0.20210544030792638 0.649593306158644 0.17748450007252453 0.33191584223677184 0.1918023371535334 0.3339348965701308 0.21642327738893524 0.6516123604920028 0.20210544030792638
1 0.6468697205164178 0.1738120511386317 0.6433883493447622 0.13135919083745046 0.33415814942081296 0.14529630670452934 0.3376395205924685 0.18774916700571057 0.6468697205164178 0.1738120511386317
2 0.900839840190583 0.09241305523334097 0.8979592522018902 0.0572863211278594 0.5947778966764532 0.07095081341139202 0.5976584846651462 0.10607754751687358 0.900839840190583 0.09241305523334097
10 0.8996698958885146 0.048422035553787955 0.8972139083311829 0.018473003539695446 0.5417801912185967 0.03449252847510909 0.5442361787759286 0.06444156048920159 0.8996698958885146 0.048422035553787955
0 0.3236111730476186 0.12016483160942378 0.31512268807543414 0.01665375826372959 0.00952782855059077 0.030427028036956485 0.018016313522775246 0.13393810138265067 0.3236111730476186 0.12016483160942378