4 0.6327973392335992 0.11747490195988892 0.6359041449669326 0.028553652830944402 0.0880109867761447 0.0013038664707576992 0.047756704787084193 0.0007075067375864324 0.044698927757626905 0.08822548383537024 0.6327973392335992 0.11747490195988892
3 0.9862557115284738 0.03130298605688614 0.8245993314605738 0.023262911537325417 0.8207975379004336 0.13207571198729964 0.9824539179683336 0.14011578650686035 0.9862557115284738 0.03130298605688614
5 0.8802422914015879 0.1637755476398036 0.1436262385669384 0.1271395178424786 0.14246442306380996 0.16039234877655428 0.8790804758984595 0.19702837857387928 0.8802422914015879 0.1637755476398036
6 0.7072231152716687 0.1924672516392998 0.30530471353719646 0.17247760508547602 0.3043601755457965 0.19951164108711308 0.7062785772802687 0.21950128764093685 0.7072231152716687 0.1924672516392998
9 0.5497318870245953 0.23600971589569136 0.46184294787993563 0.23163850815324782 0.4607760740183742 0.2621739727351525 0.548665013163034 0.26654518047759607 0.5497318870245953 0.23600971589569136
7 0.8644315194635235 0.2905346288299906 0.14092396658387477 0.2545505579373101 0.12317738487895033 0.7624832542239284 0.846684937758599 0.7984673251166088 0.8644315194635235 0.2905346288299906
8 0.6419299690146638 0.8097645445816466 0.3267363143873251 0.7940882039990349 0.3258732085548977 0.8187915344733161 0.6410668631822363 0.8344678750559275 0.6419299690146638 0.8097645445816466
1 0.6423695314446237 0.8387987036393996 0.32805280068970727 0.8231659773779754 0.32654011390252685 0.8664612491787694 0.6408568446574433 0.8820939754401939 0.6423695314446237 0.8387987036393996
2 0.3639744560714711 0.8963186168152171 0.05774659207079389 0.8810881950681929 0.05660991921582749 0.9136214072449742 0.36283778321650473 0.9288518289919986 0.3639744560714711 0.8963186168152171
10 0.4177592811722608 0.9419768099536334 0.05708654019585336 0.9240385404377223 0.056156262213858735 0.9506644344576103 0.41682900319026617 0.9686027039735213 0.4177592811722608 0.9419768099536334
0 0.9479990751259009 0.9168871394727964 0.6534736090089268 0.902238743322306 0.6500579436227635 1 0.9450952077811539 1 0.9479990751259009 0.9168871394727964