4 0.6190393343419062 0.10370430107526882 0.6190393343419062 0.014682795698924726 0.030582450832072578 0.014682795698924726 0.030582450832072578 0.10370430107526882 0.6190393343419062 0.10370430107526882
3 0.9690922844175491 0.10895161290322582 0.9690922844175491 0.000016129032258065127 0.8073373676248108 0.000016129032258065127 0.8073373676248108 0.10895161290322582 0.9690922844175491 0.10895161290322582
5 0.867821482602118 0.17096774193548386 0.867821482602118 0.13767741935483874 0.13075642965204232 0.13767741935483874 0.13075642965204232 0.17096774193548386 0.867821482602118 0.17096774193548386
6 0.6959984871406958 0.20201612903225807 0.6959984871406958 0.1749516129032258 0.29383509833585475 0.1749516129032258 0.29383509833585475 0.20201612903225807 0.6959984871406958 0.20201612903225807
9 0.5402042360060514 0.2568655913978495 0.5402042360060514 0.2262956989247312 0.4522617246596066 0.2262956989247312 0.4522617246596066 0.2568655913978495 0.5402042360060514 0.2568655913978495
7 0.8564523449319212 0.7736505376344086 0.8564523449319212 0.2651451612903226 0.13250378214826025 0.2651451612903226 0.13250378214826025 0.7736505376344086 0.8564523449319212 0.7736505376344086
8 0.65232223903177 0.8198494623655915 0.65232223903177 0.7951182795698926 0.3369364599092284 0.7951182795698926 0.3369364599092284 0.8198494623655915 0.65232223903177 0.8198494623655915
1 0.6537745839636913 0.8674569892473118 0.6537745839636913 0.8241129032258065 0.33926626323751885 0.8241129032258065 0.33926626323751885 0.8674569892473118 0.6537745839636913 0.8674569892473118
2 0.37770045385779116 0.9280053763440861 0.37770045385779116 0.8954354838709677 0.07128593040847199 0.8954354838709677 0.07128593040847199 0.9280053763440861 0.37770045385779116 0.9280053763440861
10 0.433018154311649 0.9650483870967742 0.433018154311649 0.9383924731182797 0.072125567322239 0.9383924731182797 0.072125567322239 0.9650483870967742 0.433018154311649 0.9650483870967742
0 0.9617851739788199 0.9975752688172043 0.9617851739788199 0.8869623655913978 0.6670801815431164 0.8869623655913978 0.6670801815431164 0.9975752688172043 0.9617851739788199 0.9975752688172043