4 0.5966414523449318 0.09816129032258064 0.5966414523449318 0.01788172043010753 0.030892586989410005 0.01788172043010753 0.030892586989410005 0.09816129032258064 0.5966414523449318 0.09816129032258064
3 0.950983358547655 0.10677419354838709 0.950983358547655 0.00412903225806452 0.817125567322239 0.00412903225806452 0.817125567322239 0.10677419354838709 0.950983358547655 0.10677419354838709
5 0.866180030257186 0.1702688172043011 0.866180030257186 0.13504301075268818 0.12779878971255673 0.13504301075268818 0.12779878971255673 0.1702688172043011 0.866180030257186 0.1702688172043011
6 0.711717095310136 0.20363440860215054 0.711717095310136 0.17552688172043013 0.27923600605143717 0.17552688172043013 0.27923600605143717 0.20363440860215054 0.711717095310136 0.20363440860215054
9 0.5375718608169441 0.2520698924731183 0.5375718608169441 0.22461827956989247 0.45368381240544625 0.22461827956989247 0.45368381240544625 0.2520698924731183 0.5375718608169441 0.2520698924731183
7 0.8510363086232979 0.7714462365591397 0.8510363086232979 0.2606827956989247 0.136285930408472 0.2606827956989247 0.136285930408472 0.7714462365591397 0.8510363086232979 0.7714462365591397
8 0.6572012102874433 0.8192795698924732 0.6572012102874433 0.7946344086021505 0.33859304084720115 0.7946344086021505 0.33859304084720115 0.8192795698924732 0.6572012102874433 0.8192795698924732
1 0.6511497730711043 0.8655591397849463 0.6511497730711043 0.8230645161290324 0.34101361573373673 0.8230645161290324 0.34101361573373673 0.8655591397849463 0.6511497730711043 0.8655591397849463
2 0.3846369137670197 0.927989247311828 0.3846369137670197 0.8928279569892473 0.08056732223903175 0.8928279569892473 0.08056732223903175 0.927989247311828 0.3846369137670197 0.927989247311828
10 0.43460665658093794 0.9667311827956989 0.43460665658093794 0.936752688172043 0.07813161875945537 0.936752688172043 0.07813161875945537 0.9667311827956989 0.43460665658093794 0.9667311827956989
0 0.9661195158850225 0.9947096774193548 0.9661195158850225 0.8910967741935485 0.659629349470499 0.8910967741935485 0.659629349470499 0.9947096774193548 0.9661195158850225 0.9947096774193548