4 0.3560439381967508 0.013672959787947218 0.3620199935030619 0.10246893038263181 0.9492141587321877 0.05861257836967871 0.9452694751205684 0 0.5391116545112263 0 0.3560439381967508 0.013672959787947218
3 0.013070446007293592 0.13379159775421967 0.17447826703795974 0.12173637201129617 0.16716537703817258 0.013076874717571178 0.005757556007506435 0.02513210046049468 0.013070446007293592 0.13379159775421967
5 0.11828711140281621 0.1881031274263373 0.8537705607681405 0.13317134682446372 0.8515357658377938 0.0999653648264997 0.11605231647246964 0.15489714542837327 0.11828711140281621 0.1881031274263373
6 0.2918256996430203 0.2062672771257508 0.6931261211224622 0.17629495520991323 0.6913092674920739 0.14929900666699486 0.290008846012632 0.1792713285828324 0.2918256996430203 0.2062672771257508
9 0.45096771555889387 0.24936678821936945 0.5387215187436359 0.24281263303384626 0.5366693475592124 0.21232018897047047 0.4489155443744704 0.21887434415599363 0.45096771555889387 0.24936678821936945
7 0.17009023108432497 0.7884117184506414 0.8924853358150074 0.7344574800035673 0.8583491319871589 0.22724039516322073 0.13595402725647635 0.28119463361029495 0.17009023108432497 0.7884117184506414
8 0.37688366743377794 0.8192802467022312 0.6915926877317852 0.7957752625025749 0.6899324718597576 0.771106735824501 0.37522345156175047 0.7946117200241573 0.37688366743377794 0.8192802467022312
1 0.37863035451577515 0.8668754005193008 0.6924637992788235 0.8434358112965514 0.6895540905048484 0.8002015369316313 0.37572064574180003 0.8236411261543808 0.37863035451577515 0.8668754005193008
2 0.6581767227891566 0.906695212610792 0.9639337380487064 0.8838588356750295 0.961747305928545 0.8513714585846444 0.6559902906689951 0.8742078355204067 0.6581767227891566 0.906695212610792
10 0.6054644384050762 0.9477670776901392 0.9655826174816325 0.920870574688134 0.9637931935047819 0.8942821931077232 0.6036750144282259 0.9211786961097282 0.6054644384050762 0.9477670776901392
0 0.37370923109474635 0.9920245685271126 0.3666627132971581 0.8873229961556562 0.07259010259033324 0.9092866883995909 0.07859980144210649 0.9985825558527268 0.37370923109474635 0.9920245685271126