4 0.6076239938078163 1 0.6111859279165136 0.9255268907941234 0.02325030297374575 0.8627366050530811 0.02046571112515328 0.9209570006318977 0.02114530874398362 0.9515388934792628 0.4749099414642991 1 0.6076239938078163 1
3 0.7967162019434951 1 0.9591533440626998 1 0.9611785101198135 0.9576577195621893 0.7995668767833587 0.9403979376987235 0.7967162019434951 1
5 0.12653650552955223 0.8064996877252782 0.12495227288381097 0.8396229087713187 0.861364429276634 0.9182701751749894 0.8629486619223753 0.8851469541289488 0.12653650552955223 0.8064996877252782
6 0.29094826072949137 0.7930081792626813 0.2896603041502502 0.8199368444348013 0.6914674542608907 0.8628490013069027 0.6927554108401319 0.8359203361347826 0.29094826072949137 0.7930081792626813
9 0.4518447490791206 0.7553386773452447 0.4503899773052697 0.7857551235448226 0.5382545886581326 0.795138878873323 0.5397093604319835 0.7647224326737452 0.4518447490791206 0.7553386773452447
7 0.15696301036487886 0.20702852034660107 0.13276406138240165 0.7129814423389449 0.856071346272914 0.790229136083092 0.880270295255391 0.2842762140907482 0.15696301036487886 0.20702852034660107
8 0.36341313261639346 0.18287513155992519 0.3622362155992085 0.20748217561867613 0.6773426241443887 0.2411348760028576 0.6785195411615738 0.21652783194410666 0.36341313261639346 0.18287513155992519
1 0.36800643744927947 0.1357551694279907 0.3659437624509 0.17888168881965372 0.6801734898575172 0.21244076150573557 0.6822361648558968 0.16931424211407256 0.36800643744927947 0.1357551694279907
2 0.10314488305446086 0.046916323062466236 0.10159493451313326 0.0793227302163605 0.4077380341761102 0.11201816810100629 0.4092879827174378 0.07961176094711202 0.10314488305446086 0.046916323062466236
10 0.10574659322343606 0.010148842569838003 0.10447808136013098 0.03667095657924816 0.46505098757422775 0.07517938309935408 0.46631949943753287 0.04865726908994392 0.10574659322343606 0.010148842569838003
0 0.7017220948783062 0.041268845263352824 0.6964582055931834 0.15132652449481834 0.990902146613959 0.18277251689103144 0.9961660358990818 0.07271483765956593 0.7017220948783062 0.041268845263352824