4 0.43878328177977083 0.10769565318563698 0.9291981838221867 0.08566101611359807 0.9275256798602428 0.012206707353024078 0.43711077781782715 0.034241344425063 0.43878328177977083 0.10769565318563698
3 0.01668650993915775 0.14549237233490842 0.15457530270243627 0.13929694578447782 0.15215467738879 0.032986071055310644 0.014265884625511427 0.03918149760574124 0.01668650993915775 0.14549237233490842
5 0.1618308064777569 0.2243317891413528 0.7915497222888179 0.19603813878630216 0.7903864419378892 0.14494830221997912 0.16066752612682808 0.1732419525750298 0.1618308064777569 0.2243317891413528
6 0.22131672507127842 0.2718687506886759 0.7389474156784388 0.24861129183623026 0.7381272074279823 0.2125887582889948 0.22049651682082191 0.2358462171414404 0.22131672507127842 0.2718687506886759
9 0.42387742714328197 0.3079529242508646 0.5320737945824242 0.30309159626285764 0.531230949287542 0.26607487167720706 0.4230345818483997 0.27093619966521393 0.42387742714328197 0.3079529242508646
7 0.22192892212536897 0.7339849828627119 0.7657275934375313 0.7095517808684052 0.7564718993700806 0.30305312657894234 0.21267322805791833 0.32748632857324905 0.22192892212536897 0.7339849828627119
8 0.2472474691594533 0.7891298070666058 0.7323552924317439 0.7673336202417462 0.7314159649766391 0.726079518317608 0.24630814170434853 0.7478757051424675 0.2472474691594533 0.7891298070666058
1 0.2503282711471579 0.8622164803789668 0.7350822891681068 0.8404361902372526 0.7336451665127652 0.7773195378081601 0.2488911484918162 0.7990998279498744 0.2503282711471579 0.8622164803789668
2 0.6629935400114254 0.9390557355399944 0.938158770295276 0.9266923959291923 0.9376185581088821 0.9029669437697324 0.6624533278250313 0.9153302833805346 0.6629935400114254 0.9390557355399944
10 0.6522190170230565 0.9635987564458249 0.9402028837209019 0.9506594677764512 0.9397308024449158 0.9299262410724155 0.6517469357470703 0.9428655297417892 0.6522190170230565 0.9635987564458249
0 0.00589581768482566 1 0.3485117258382018 1 0.3458592134550055 0.8835049315159131 0.0035934564647771027 0.898883138226308 0.00589581768482566 1