4 0.9708713824403428 0.9534456666259771 0.9668290572690368 0.88002221909942 0.477190219667435 0.9069792670829004 0.48123254483874106 0.9804027146094574 0.9708713824403428 0.9534456666259771
3 0.19196904055782837 0.9038206039777826 0.054298451989415665 0.9114000531083525 0.05917631876851152 1 0.19726419362675762 1 0.19196904055782837 0.9038206039777826
5 0.8241157267943909 0.8347448218537904 0.8213041594971869 0.7836764502692875 0.1925817518595799 0.8182907390254556 0.19539331915678387 0.8693591106099582 0.8241157267943909 0.8347448218537904
6 0.7668669077878922 0.7725007495505543 0.7648845217774698 0.7364933505795805 0.24807296364524287 0.7649463916807101 0.25005534965566517 0.8009537906516839 0.7668669077878922 0.7725007495505543
9 0.5568651166569468 0.7398022103241468 0.5548280184924319 0.7028010380160857 0.4468028680229313 0.7087483586553002 0.44883996618744615 0.7457495309633614 0.5568651166569468 0.7398022103241468
7 0.778090756515494 0.6804495246275662 0.7557203909091368 0.2741216574615458 0.21278226198671354 0.3040130959452952 0.23515262759307093 0.7103409631113157 0.778090756515494 0.6804495246275662
8 0.7202988550663572 0.26106194093332447 0.7180285662644962 0.2198251715866092 0.23368840916636643 0.24649050091214803 0.23595869796822733 0.2877272702588633 0.7202988550663572 0.26106194093332447
1 0.7185361345576253 0.20973743577829873 0.7150627095516897 0.14664730130048587 0.23107579782045795 0.1732931827154952 0.23454922282639354 0.23638331719330807 0.7185361345576253 0.20973743577829873
2 0.9117137853790048 0.06407632054776939 0.9104081302842518 0.040360836445236394 0.6356783393593651 0.05548607486122896 0.6369839944541181 0.07920155896376195 0.9117137853790048 0.06407632054776939
10 0.9117209643144105 0.03697884341324221 0.9105799768678973 0.016254327606797594 0.623051834573086 0.03208417878120294 0.6241928220195992 0.05280869458764755 0.9117209643144105 0.03697884341324221
0 0.32446831173711277 0.1425302026492191 0.3179134769652447 0.023470367895249065 0 0.04097308253922153 0 0.16039379347763508 0.32446831173711277 0.1425302026492191