4 0.5373401360544219 0.10192270531400965 0.5373401360544219 0.028396135265700482 0.047013605442176885 0.028396135265700482 0.047013605442176885 0.10192270531400965 0.5373401360544219 0.10192270531400965
3 0.9597891156462586 0.12075362318840578 0.9597891156462586 0.014338164251207723 0.8219251700680273 0.014338164251207723 0.8219251700680273 0.12075362318840578 0.9597891156462586 0.12075362318840578
5 0.8166122448979592 0.20611111111111113 0.8166122448979592 0.1549710144927536 0.18700680272108844 0.1549710144927536 0.18700680272108844 0.20611111111111113 0.8166122448979592 0.20611111111111113
6 0.7582789115646259 0.25631884057971016 0.7582789115646259 0.22026086956521737 0.24074149659863947 0.22026086956521737 0.24074149659863947 0.25631884057971016 0.7582789115646259 0.25631884057971016
9 0.5567823129251701 0.3015024154589372 0.5567823129251701 0.2644492753623188 0.44860544217687087 0.2644492753623188 0.44860544217687087 0.3015024154589372 0.5567823129251701 0.3015024154589372
7 0.7681768707482994 0.7184444444444443 0.7681768707482994 0.31154589371980673 0.2244761904761905 0.31154589371980673 0.2244761904761905 0.7184444444444443 0.7681768707482994 0.7184444444444443
8 0.7441428571428572 0.7747246376811594 0.7441428571428572 0.7334299516908213 0.25912244897959186 0.7334299516908213 0.25912244897959186 0.7747246376811594 0.7441428571428572 0.7747246376811594
1 0.7427278911564626 0.8479468599033816 0.7427278911564626 0.7847681159420289 0.25806122448979596 0.7847681159420289 0.25806122448979596 0.8479468599033816 0.7427278911564626 0.8479468599033816
2 0.3323061224489796 0.9433236714975843 0.3323061224489796 0.919574879227053 0.057190476190476174 0.919574879227053 0.057190476190476174 0.9433236714975843 0.3323061224489796 0.9433236714975843
10 0.3436258503401361 0.9673816425120771 0.3436258503401361 0.9466280193236715 0.05569387755102042 0.9466280193236715 0.05569387755102042 0.9673816425120771 0.3436258503401361 0.9673816425120771
0 0.99 0.9927536231884057 0.99 0.873526570048309 0.647795918367347 0.873526570048309 0.647795918367347 0.9927536231884057 0.99 0.9927536231884057