4 0.5194334001436961 0.08521164818635868 0.5134097374001557 0.011899861031441802 0.02451552915631043 0.05206985199767074 0.030539191899850784 0.1253816391525876 0.5194334001436961 0.08521164818635868
3 0.9364905823413904 0 0.7981013468107979 0 0.8047298382302879 0.08067293485595026 0.9421910611314472 0.0693784339413634 0.9364905823413904 0
5 0.8064253434138189 0.16621634116392012 0.8022356920469912 0.11522563296274074 0.17446942825797973 0.16680604590297796 0.1786590796248075 0.21779675410415733 0.8064253434138189 0.16621634116392012
6 0.7523756783019918 0.22105636294639713 0.7494216297660008 0.18510372304335512 0.23339602452202537 0.22750296515230328 0.2363500730580165 0.2634556050553453 0.7523756783019918 0.22105636294639713
9 0.5551693469615165 0.282615554074786 0.5521337692188782 0.24567065213797837 0.4442729004448609 0.2545330400558586 0.44730847818749914 0.2914779419926662 0.5551693469615165 0.282615554074786
7 0.8001043545814903 0.6810211337656605 0.7667691991568573 0.2753111989112363 0.22465675569725663 0.31985386599390897 0.2579919111218898 0.7255638008483333 0.8001043545814903 0.6810211337656605
8 0.7807513018580139 0.7391059096111062 0.7773682355550059 0.6979318520158218 0.29376464972618604 0.7376671390092205 0.2971477160291941 0.7788411966045049 0.7807513018580139 0.7391059096111062
1 0.785339198268136 0.8122301590481278 0.7801632809645868 0.7492359703219778 0.29691240329676855 0.7889422770505211 0.30208832060031793 0.8519364657766713 0.785339198268136 0.8122301590481278
2 0.38393008064932 0.94095215467762 0.38198446132952735 0.9172727364349413 0.10767247195971145 0.9398115801134039 0.1096180912795041 0.9634909983560825 0.38393008064932 0.94095215467762
10 0.3971876905834261 0.9640124800282335 0.3954874504292704 0.9433194814988299 0.10839657307239324 0.9669083024655135 0.1100968132265489 0.9876013009949168 0.3971876905834261 0.9640124800282335
0 1 0.8202697290952208 0.6927801542130413 0.8455124466848574 0.7025478280967848 0.9643912184971669 1 0.9399510617991399 1 0.8202697290952208