4 0.9581878338208125 0.9801903757337814 0.9591209456731271 0.9066895883794801 0.4687128387543017 0.8932072750703995 0.4677797269019869 0.9667080624247009 0.9581878338208125 0.9801903757337814
3 0.18296893901819133 0.972935982570007 0.18431943756502378 0.8665578390850825 0.04643255537049963 0.8627670490864446 0.045082056823667165 0.9691451925713689 0.18296893901819133 0.972935982570007
5 0.8197776836319003 0.8498105438402987 0.8204266929662369 0.7986883799156842 0.1907165024566344 0.7813763698518362 0.19006749312229768 0.8324985337764509 0.8197776836319003 0.8498105438402987
6 0.7668626310925022 0.7830660617159204 0.7673202360114035 0.7470207347242974 0.24969671762617637 0.732790214566576 0.24923911270727506 0.7688355415581992 0.7668626310925022 0.7830660617159204
9 0.5595248896360816 0.7331775988284716 0.5599951240583717 0.6961374517189123 0.45180025577369176 0.6931629553921412 0.4513300213514017 0.7302031025017004 0.5595248896360816 0.7331775988284716
7 0.7842891243452521 0.6922602880464973 0.789452997216262 0.2855044196313801 0.2456618607060896 0.27055449858869085 0.24049798783507975 0.677310367003808 0.7842891243452521 0.6922602880464973
8 0.754991152816724 0.26957151280582636 0.7555152158990884 0.22829130713535561 0.27041411421621125 0.21495489416175992 0.2698900511338468 0.25623509983223075 0.754991152816724 0.26957151280582636
1 0.7567040768372743 0.2182805307694965 0.7575058663776537 0.15512394095218032 0.27275856504383966 0.14179725466761695 0.27195677550346037 0.20495384448493315 0.7567040768372743 0.2182805307694965
2 0.9593190515252767 0.08904430153682047 0.9596204429750784 0.06530383697481365 0.6844590253440238 0.05773909163163214 0.6841576338942224 0.08147955619363897 0.9593190515252767 0.08904430153682047
10 0.9611592254616427 0.06204179922203134 0.9614226057847401 0.04129545346157958 0.6734427293530104 0.03337830269268828 0.673179349029913 0.05412464845314004 0.9611592254616427 0.06204179922203134
0 0.369539623818645 0 0.02715915377991966 0 0.025769944479486925 0.10942737157225292 0.36803095908095473 0.11883682090075803 0.369539623818645 0