4 0.5218610637757443 0.9019508531208481 0.005835590565354025 0.8929400997972505 0.0031727157437030857 0.960053428678694 0.5191981889540933 0.9690641820022916 0.5218610637757443 0.9019508531208481
3 0.9413388475073718 0.8783661538036298 0.7914198679220372 0.8757482928380375 0.7871023652452881 0.9845637635222876 0.9370213448306226 0.98718162448788 0.9413388475073718 0.8783661538036298
5 0.781446851448009 0.7983123365257799 0.16004354476097052 0.787461492523469 0.15762689204319097 0.8483692029880634 0.7790301987302293 0.8592200469903744 0.781446851448009 0.7983123365257799
6 0.7372673719600997 0.7473207056800152 0.19462584802622623 0.7378451871849901 0.192975815295928 0.7794315165134542 0.7356173392298015 0.7889070350084794 0.7372673719600997 0.7473207056800152
9 0.546274467384975 0.6976381907405922 0.41808287614534134 0.6953997299149406 0.41655614593051216 0.7338784245152161 0.5447477371701458 0.7361168853408676 0.546274467384975 0.6976381907405922
7 0.7909648333259482 0.28443640650992075 0.20975719507845628 0.27428745276650046 0.1936639192473484 0.679891691032308 0.7748715574948406 0.6900406447757282 0.7909648333259482 0.28443640650992075
8 0.7442892304310975 0.22785765395728333 0.2391274513935577 0.21903660070365635 0.23746822841365928 0.2608545549808054 0.7426300074511993 0.2696756082344324 0.7442892304310975 0.22785765395728333
1 0.709482888186183 0.14612497167267907 0.2901442931141607 0.13880254897181887 0.2874090450769083 0.20773992432415594 0.7067476401489308 0.21506234702501614 0.709482888186183 0.14612497167267907
2 0.3652910182550386 0.0531952136767948 0.04155293190409912 0.04754215159167469 0.040703216743149535 0.06895780830549746 0.364441303094089 0.07461087039061756 0.3652910182550386 0.0531952136767948
10 0.3476467800892386 0.030220429596388532 0.040760999323933116 0.02486163974481012 0.03998327445151824 0.04446290102726787 0.3468690552168237 0.04982169087884628 0.3476467800892386 0.030220429596388532
0 0.9908896016102 0.017390406997868913 0.6668120248163589 0.011731416785562237 0.6623271830114732 0.12476439174378273 0.9864047598053143 0.1304233819560894 0.9908896016102 0.017390406997868913