4 0.4672436408620222 0.10162506006940925 0.9613028530973602 0.11757035310918322 0.9628042121338348 0.057199414352857525 0.46874499989849694 0.04125412131308356 0.4672436408620222 0.10162506006940925
3 0.041454106863319 0.11353986330160158 0.18042311685368936 0.11802495645008879 0.18292890116212868 0.017265213213344358 0.043959891171758345 0.012780120064857152 0.041454106863319 0.11353986330160158
5 0.20378117423318776 0.20698417789454382 0.8011808446844125 0.2262646863261359 0.8025562306516609 0.17095923308156832 0.2051565602004361 0.15167872464997623 0.20378117423318776 0.20698417789454382
6 0.2513538837940476 0.2542517217552657 0.7537259720057427 0.27046530499217336 0.7546008249779317 0.23528671418099167 0.25222873676623664 0.21907313094408407 0.2513538837940476 0.2542517217552657
9 0.45313775306769033 0.31434684681002606 0.5531367611362181 0.3175742200637807 0.5541219905119197 0.27795729908991573 0.45412298244339194 0.2747299258361611 0.45313775306769033 0.31434684681002606
7 0.2179120831786361 0.7139849646793395 0.7705689211688816 0.7318214405793007 0.7802285361171575 0.3434000115376825 0.22757169812691178 0.32556353563772145 0.2179120831786361 0.7139849646793395
8 0.2537902790871311 0.7764313590763019 0.7241740945466686 0.7916125511134551 0.7250645441845712 0.7558068049531987 0.2546807287250338 0.7406256129160455 0.2537902790871311 0.7764313590763019
1 0.24979659656739517 0.8531134092466915 0.7222586310210218 0.8683616738331281 0.7238974806644807 0.8024621194611121 0.251435446210854 0.7872138548746754 0.24979659656739517 0.8531134092466915
2 0.6665420183328068 0.9561545125313188 0.9365882393882807 0.9648699984940866 0.9370513403856271 0.9462483088984802 0.6670051193301532 0.9375328229357125 0.6665420183328068 0.9561545125313188
10 0.6508423791725972 0.9782338790628319 0.9368216125160884 0.9874635879034388 0.9372827939238085 0.968919086658488 0.6513035605803172 0.959689377817881 0.6508423791725972 0.9782338790628319
0 0 0.9875637864267364 0.33354051138166196 0.9983284904599915 0.336605376168763 0.8750876400948727 0 0.8642240204540396 0 0.9875637864267364