4 0.05263443567791392 0.9011583011583012 0.054126070169548415 0.9682818532818532 0.5704304179956354 0.9682818532818532 0.568938783504001 0.9011583011583012 0.05263443567791392 0.9011583011583012
3 0.8367305364370581 0.870265444015444 0.8391490263555481 0.9790974903474904 0.9891490263555482 0.9790974903474904 0.9867305364370582 0.870265444015444 0.8367305364370581 0.870265444015444
5 0.2002319260254043 0.7930453667953669 0.20158563687911515 0.8539623552123552 0.8233247673138978 0.8539623552123552 0.821971056460187 0.7930453667953669 0.2002319260254043 0.7930453667953669
6 0.23172522056217706 0.7428523166023167 0.23264950198645853 0.7844449806949806 0.7755842845951542 0.7844449806949806 0.7746600031708728 0.7428523166023167 0.23172522056217706 0.7428523166023167
9 0.4524349644675733 0.6965299227799228 0.4532901768227856 0.7350144787644788 0.5815510463880029 0.7350144787644788 0.5806958340327907 0.6965299227799228 0.4524349644675733 0.6965299227799228
7 0.2181627636953724 0.27928088803088813 0.22717756421017293 0.6849469111969113 0.8086993033406077 0.6849469111969113 0.7996845028258072 0.27928088803088813 0.2181627636953724 0.27928088803088813
8 0.24409815250032643 0.2235472972972973 0.24502758192975588 0.26537162162162165 0.7504623645384515 0.26537162162162165 0.7495329351090221 0.2235472972972973 0.24409815250032643 0.2235472972972973
1 0.29012243765504636 0.14246621621621608 0.2916546126872214 0.2114140926640927 0.7112198300785258 0.2114140926640927 0.7096876550463508 0.14246621621621608 0.29012243765504636 0.14246621621621608
2 0.03601802268106616 0.055593629343629394 0.036493998657042136 0.07701254826254837 0.360407042135303 0.07701254826254837 0.3599310661593271 0.055593629343629394 0.03601802268106616 0.055593629343629394
10 0.03382301459067764 0.032939189189189214 0.034258664526327566 0.05254343629343628 0.34131029496111015 0.05254343629343628 0.3408746450254603 0.032939189189189214 0.03382301459067764 0.032939189189189214
0 0.6587233699149461 0.008889961389961475 0.6612355964271727 0.12194015444015441 0.985488313818477 0.12194015444015441 0.9829760873062505 0.008889961389961475 0.6587233699149461 0.008889961389961475