4 0.9389035310345472 0.065742438043763 0.9381370599096263 0.0054147029996360445 0.44385646987459887 0.029978974661566418 0.4446229409995197 0.09030670970569338 0.9389035310345472 0.065742438043763
3 0.15863720564169095 0.13015335812345907 0.15735795712681983 0.02946572234500009 0.01832667797337183 0.03637516240694741 0.019605926488243 0.1370627981854064 0.15863720564169095 0.13015335812345907
5 0.7829848354579418 0.18725230251268993 0.7822826758785831 0.13198642792855442 0.18461532288788848 0.1616887134690201 0.18531748246724705 0.21695458805315565 0.7829848354579418 0.18725230251268993
6 0.7372257568691899 0.23521802625409124 0.7367791284975321 0.20006461056432187 0.23418193765692255 0.22504219249092947 0.23462856602858018 0.2601956081806988 0.7372257568691899 0.23521802625409124
9 0.5385584804618161 0.2986264334026694 0.5380555029264277 0.2590378637860504 0.4380116873533962 0.2640097431464313 0.4385146648887846 0.3035983127630502 0.5385584804618161 0.2986264334026694
7 0.7713778928790078 0.6939247597725894 0.7664464835652888 0.30578129970044304 0.21354201138110926 0.3332590035222054 0.21847342069482834 0.7214024635943517 0.7713778928790078 0.6939247597725894
8 0.727263410472271 0.7573512398067593 0.726808819718782 0.7215711175838483 0.25621423491926026 0.7449582654037324 0.2566688256727494 0.7807383876266436 0.727263410472271 0.7573512398067593
1 0.7282310276526756 0.8340459946766436 0.7273943650694553 0.7681936005018974 0.2547206300685379 0.791684075887951 0.2555572926517583 0.8575364700626973 0.7282310276526756 0.8340459946766436
2 0.9460204524577032 0.91273411852114 0.945784030966398 0.8941257553063143 0.6756168077380039 0.9075522608161934 0.6758532292293091 0.9261606240310192 0.9460204524577032 0.91273411852114
10 0.9471019449001076 0.935246404476444 0.9468665033942584 0.9167151743733896 0.6607591286218318 0.9309338578905666 0.6609945701276809 0.9494650879936211 0.9471019449001076 0.935246404476444
0 0.3446776951549382 0.9945644456684866 0.3431248212507776 0.8723401864613265 0.005690973859587463 0.8891096426413884 0.007094331099448562 0.9995656806915307 0.3446776951549382 0.9945644456684866