4 0.019155468293562496 0.975157189456381 0.5355814194294459 0.9508508594758015 0.535901359224748 0.8837722407428965 0.019475408088864603 0.908078570723476 0.019155468293562496 0.975157189456381
3 0.8040713620297923 0.9490199648215087 0.9541066909913755 0.9419583363218877 0.9546254314561485 0.8331991435963336 0.8045901024945654 0.8402607720959544 0.8040713620297923 0.9490199648215087
5 0.16973569328126867 0.8538525898662854 0.7916212597017432 0.8245826514475667 0.7919116163379455 0.7637064416656624 0.17002604991747108 0.792976380084381 0.16973569328126867 0.8538525898662854
6 0.2026834189276083 0.7828466145654726 0.7457460770168163 0.7572865896701054 0.7459443255900055 0.71572176825508 0.20288166750079736 0.7412817931504471 0.2026834189276083 0.7828466145654726
9 0.4247103818721189 0.723010272978184 0.5530014602595593 0.7169720688987979 0.5531848942491868 0.6785132749833404 0.4248938158617464 0.6845514790627263 0.4247103818721189 0.723010272978184
7 0.19989603204755166 0.683568664049793 0.7815547349058625 0.6561920608085089 0.7834883141087906 0.2507975958260818 0.2018296112504797 0.27817419906736585 0.19989603204755166 0.683568664049793
8 0.22907622202999706 0.2629949631790988 0.7346300478788093 0.23920034540863697 0.734829400644562 0.19740401883836414 0.2292755747957497 0.221198636608826 0.22907622202999706 0.2629949631790988
1 0.2771707581443815 0.20682202037823189 0.696834794225331 0.187069929067698 0.6971634295370714 0.1181682072372204 0.27749939345612196 0.13792029854775426 0.2771707581443815 0.20682202037823189
2 0.02557806720330889 0.08438216941698223 0.34956740075803155 0.06913314555548195 0.34966949256214075 0.047728564743242004 0.02568015900741809 0.06297758860474229 0.02557806720330889 0.08438216941698223
10 0.024002723045038282 0.060009072606685636 0.3311266722481917 0.045553842311130056 0.33122011454388606 0.02596271854832742 0.02409616534073264 0.04041794884388301 0.024002723045038282 0.060009072606685636
0 0.6492540373782846 0.09991541510529614 0.9735831248482283 0.08465040023722968 0.9739868754357588 0 0.6497305963483434 0 0.6492540373782846 0.09991541510529614