4 0.5391236413043479 0.09531370656370655 0.5391236413043479 0.034917953667953666 0.04492527173913044 0.034917953667953666 0.04492527173913044 0.09531370656370655 0.5391236413043479 0.09531370656370655
3 0.9643953804347826 0.1209604247104247 0.9643953804347826 0.0201592664092664 0.8253872282608696 0.0201592664092664 0.8253872282608696 0.1209604247104247 0.9643953804347826 0.1209604247104247
5 0.7998301630434782 0.20913127413127414 0.7998301630434782 0.15380308880308882 0.20226222826086956 0.15380308880308882 0.20226222826086956 0.20913127413127414 0.7998301630434782 0.20913127413127414
6 0.7511073369565219 0.25484555984555984 0.7511073369565219 0.21965250965250965 0.24859375 0.21965250965250965 0.24859375 0.25484555984555984 0.7511073369565219 0.25484555984555984
9 0.5479347826086958 0.3084073359073359 0.5479347826086958 0.2687741312741313 0.4479076086956522 0.2687741312741313 0.4479076086956522 0.3084073359073359 0.5479347826086958 0.3084073359073359
7 0.7731046195652175 0.7154777992277992 0.7731046195652175 0.3268967181467182 0.22029211956521738 0.3268967181467182 0.22029211956521738 0.7154777992277992 0.7731046195652175 0.7154777992277992
8 0.7356929347826088 0.776742277992278 0.7356929347826088 0.7409218146718147 0.2651766304347826 0.7409218146718147 0.2651766304347826 0.776742277992278 0.7356929347826088 0.776742277992278
1 0.7377785326086957 0.853523166023166 0.7377785326086957 0.7875965250965251 0.2651834239130435 0.7875965250965251 0.2651834239130435 0.853523166023166 0.7377785326086957 0.853523166023166
2 0.31868885869565217 0.9430791505791505 0.31868885869565217 0.9244498069498069 0.04856657608695653 0.9244498069498069 0.04856657608695653 0.9430791505791505 0.31868885869565217 0.9430791505791505
10 0.33383152173913044 0.9656563706563707 0.33383152173913044 0.9471042471042471 0.0477717391304348 0.9471042471042471 0.0477717391304348 0.9656563706563707 0.33383152173913044 0.9656563706563707
0 0.9878464673913043 0.9959797297297298 0.9878464673913043 0.872688223938224 0.6504687500000002 0.872688223938224 0.6504687500000002 0.9959797297297298 0.9878464673913043 0.9959797297297298