4 0.9578988380849793 0.09531370656370652 0.9561093342954756 0.034917953667953645 0.46191096473025817 0.034917953667953645 0.46370046851976193 0.09531370656370652 0.9578988380849793 0.09531370656370652
3 0.17819678432314295 0.1209604247104247 0.17521008333644197 0.02015926640926639 0.03620193116252899 0.02015926640926639 0.03918863214922998 0.1209604247104247 0.17819678432314295 0.1209604247104247
5 0.8039342539356127 0.20913127413127414 0.802294900296259 0.15380308880308877 0.20472696551365033 0.15380308880308877 0.206366319153004 0.20913127413127414 0.8039342539356127 0.20913127413127414
6 0.7589572295509796 0.25484555984555984 0.7579144725082225 0.21965250965250965 0.2554008855517006 0.21965250965250965 0.2564436425944577 0.25484555984555984 0.7589572295509796 0.25484555984555984
9 0.5612303864423429 0.3084073359073359 0.5600560692680258 0.2687741312741313 0.4600288953549822 0.2687741312741313 0.4612032125292994 0.3084073359073359 0.5612303864423429 0.3084073359073359
7 0.8009072226341248 0.7154777992277992 0.7893937091206114 0.3268967181467182 0.23658120912061126 0.3268967181467182 0.24809472263412477 0.7154777992277992 0.8009072226341248 0.7154777992277992
8 0.7578379555798035 0.776742277992278 0.7567766085184564 0.7409218146718147 0.2862603041706302 0.7409218146718147 0.2873216512319773 0.776742277992278 0.7578379555798035 0.776742277992278
1 0.7601061513765318 0.853523166023166 0.7581527694231498 0.7875965250965251 0.2855576607274976 0.7875965250965251 0.2875110426808795 0.853523166023166 0.7601061513765318 0.853523166023166
2 0.9793765098561293 0.9430791505791505 0.9788245293041489 0.9244498069498069 0.7087022466954532 0.9244498069498069 0.7092542272474338 0.9430791505791505 0.9793765098561293 0.9430791505791505
10 0.9808403014816058 0.9656563706563707 0.9802906089319132 0.9471042471042471 0.6942308263232176 0.9471042471042471 0.6947805188729101 0.9656563706563707 0.9808403014816058 0.9656563706563707
0 0.3790417605105104 0.9959797297297298 0.3753886788574287 0.872688223938224 0.03801096146612454 0.872688223938224 0.041664043119206184 0.9959797297297298 0.3790417605105104 0.9959797297297298