4 1 0.9438197972479639 1 0.8765257565811702 0.4922194031893849 0.9031684385518369 0.49722196873459895 0.9702000001800543 1 0.9438197972479639
3 0.13592418773236215 1 0.2302299587238922 0.9950518813040369 0.22211895404711796 0.8863689855090774 0.07249897702140816 0.8942193789455188 0.08039338492993178 1 0.13592418773236215 1
5 0.8540783174787291 0.8368662846901088 0.8495383129984521 0.7760327808886018 0.2293743502542066 0.8085720928135627 0.23391435473448355 0.8694055966150694 0.8540783174787291 0.8368662846901088
6 0.8163712638374939 0.7691507885872553 0.8132714572608003 0.7276151257951949 0.2717121925916558 0.7560301368205757 0.27481199916834936 0.7975657996126361 0.8163712638374939 0.7691507885872553
9 0.5915099637058048 0.7313929588694963 0.5886417973513658 0.6929611446314027 0.46070587496706356 0.6996737998886498 0.46357404132150243 0.7381056141267435 0.5915099637058048 0.7313929588694963
7 0.812208507403267 0.6696184170085409 0.7819751421216005 0.2645083450285169 0.20192668046395812 0.2949428413219679 0.2321600457456247 0.7000529133019918 0.812208507403267 0.6696184170085409
8 0.7538334478562732 0.25204031350944667 0.7507163761698463 0.21027330796802232 0.24656210575712922 0.23672572063429287 0.24967917744355606 0.27849272617571724 0.7538334478562732 0.25204031350944667
1 0.7021071958364709 0.20065975546431095 0.6969686675521073 0.13180636968485207 0.2784664129729484 0.1537647165433046 0.2836049412573119 0.22261810232276347 0.7021071958364709 0.20065975546431095
2 0.9436255885132105 0.05324464082964508 0.9420292852424554 0.0318550757946991 0.6189368710854886 0.04880737466469615 0.6205331743562437 0.07019693969964214 0.9436255885132105 0.05324464082964508
10 0.943489251799419 0.02872053267600456 0.942028191888241 0.00914315251107659 0.6357544726125154 0.025212993205835917 0.6372155325236931 0.044790373370763886 0.943489251799419 0.02872053267600456
0 0.3248109792006056 0.13075487244777978 0.3163856056507715 0.01785961075815084 0.0007648861807879279 0.03441987813545676 0.003280560337014363 0.14762521516564633 0.3248109792006056 0.13075487244777978