4 0.5489130434782609 0.09884169884169884 0.5489130434782609 0.03171814671814671 0.03260869565217392 0.03171814671814671 0.03260869565217392 0.09884169884169884 0.5489130434782609 0.09884169884169884
3 0.9673913043478263 0.129734555984556 0.9673913043478263 0.020902509652509654 0.817391304347826 0.020902509652509654 0.817391304347826 0.129734555984556 0.9673913043478263 0.129734555984556
5 0.8043478260869565 0.20695463320463323 0.8043478260869565 0.14603764478764478 0.18260869565217389 0.14603764478764478 0.18260869565217389 0.20695463320463323 0.8043478260869565 0.20695463320463323
6 0.7581521739130436 0.2571476833976834 0.7581521739130436 0.2155550193050193 0.21521739130434783 0.2155550193050193 0.21521739130434783 0.2571476833976834 0.7581521739130436 0.2571476833976834
9 0.5652173913043479 0.3034700772200772 0.5652173913043479 0.2649855212355212 0.4369565217391305 0.2649855212355212 0.4369565217391305 0.3034700772200772 0.5652173913043479 0.3034700772200772
7 0.7934782608695653 0.7207191119691119 0.7934782608695653 0.31505308880308874 0.21195652173913046 0.31505308880308874 0.21195652173913046 0.7207191119691119 0.7934782608695653 0.7207191119691119
8 0.7445652173913044 0.7764527027027027 0.7445652173913044 0.7346283783783784 0.23913043478260873 0.7346283783783784 0.23913043478260873 0.7764527027027027 0.7445652173913044 0.7764527027027027
1 0.7065217391304349 0.8575337837837839 0.7065217391304349 0.7885859073359073 0.2869565217391305 0.7885859073359073 0.2869565217391305 0.8575337837837839 0.7065217391304349 0.8575337837837839
2 0.358695652173913 0.9444063706563706 0.358695652173913 0.9229874517374517 0.03478260869565219 0.9229874517374517 0.03478260869565219 0.9444063706563706 0.358695652173913 0.9444063706563706
10 0.3401426630434783 0.9670608108108107 0.3401426630434783 0.9474565637065637 0.03309103260869564 0.9474565637065637 0.03309103260869564 0.9670608108108107 0.3401426630434783 0.9670608108108107
0 0.9827785326086959 0.9911100386100385 0.9827785326086959 0.8780598455598456 0.6585258152173914 0.8780598455598456 0.6585258152173914 0.9911100386100385 0.9827785326086959 0.9911100386100385