4 0.4986866956748346 0.01481713336612083 0.006687953634040124 0.0761233517586463 0.012397463883303185 0.13609432366574956 0.5043962059240976 0.07478810527322406 0.4986866956748346 0.01481713336612083
3 0.785646352612894 0 0.791810173824904 0.06474291709933991 0.9301996146139335 0.047498699675043665 0.9256775216079802 0 0.785646352612894 0
5 0.7694716405752269 0.10052499016652255 0.1745634209151446 0.17465439360098378 0.17979386885325807 0.22959343962487963 0.7747020885133404 0.15546403619041843 0.7694716405752269 0.10052499016652255
6 0.7271907474610558 0.17195542914254716 0.22691379823006616 0.23429316557472363 0.2302407719185452 0.26923869275600837 0.7305177211495348 0.2069009563238319 0.7271907474610558 0.17195542914254716
9 0.5295662045053314 0.24593549378534224 0.4299842415409256 0.25834404902702623 0.43373096506393577 0.2976985017440737 0.5333129280283415 0.28528994650238965 0.5295662045053314 0.24593549378534224
7 0.7592284496179155 0.2757165543208175 0.20887646277564778 0.34429396360068665 0.24561096079459988 0.7301420403250364 0.7959629476368675 0.6615646310451672 0.7592284496179155 0.2757165543208175
8 0.7611231275739493 0.6914706797241669 0.2927010442464065 0.7498390942880784 0.29608733041150403 0.7854076218168079 0.7645094137390467 0.7270392072528963 0.7611231275739493 0.6914706797241669
1 0.7676118346232644 0.737558391010281 0.297120199498173 0.7961846850841054 0.3033525720413194 0.8616476446694522 0.7738442071664108 0.8030213505956278 0.7676118346232644 0.737558391010281
2 0.3633249068409246 0.9254379900148814 0.09440491150061636 0.9589471569206025 0.09616603580636635 0.9774454749293462 0.36508603114667465 0.9439363080236249 0.3633249068409246 0.9254379900148814
10 0.38229563236979847 0.9644762606573255 0.3805418080611709 0.9460546196144212 0.09575524893965533 0.9815408627628068 0.09719603981177193 0.9966744950961347 0.13518892395728743 0.9952673512388933 0.38229563236979847 0.9644762606573255
0 1 0.7940969017516275 0.6887347997051481 0.8328825544712175 0.700390157610508 0.9553069150544731 1 0.9179735951482256 1 0.7940969017516275