4 0.4931265966976029 0.03385137800017371 0.008004376220864532 0.06054595094699047 0.011469282507929621 0.13325375090070293 0.49659150298466803 0.10655917795388617 0.4931265966976029 0.03385137800017371
3 0.7905096626232626 0.011711254261085371 0.7953940865658569 0.11420629726788398 0.9420082857496307 0.10613863252289617 0.9376121830161043 0.01389055085949784 0.7905096626232626 0.011711254261085371
5 0.6475407974508356 0.15600389892917602 0.2966745468090802 0.17531083711297654 0.2989335201900484 0.22271326912025644 0.6497997708318037 0.20340633093645588 0.6475407974508356 0.15600389892917602
6 0.7247400130106293 0.21042219590013886 0.21206954215239146 0.23863265236728465 0.21411318792925438 0.2815166371016182 0.7267836587874923 0.25330618063447236 0.7247400130106293 0.21042219590013886
9 0.5261485950440045 0.2736862807474445 0.43114561455071515 0.27891396129040313 0.43300637934874886 0.31796036066963157 0.5280093598420381 0.31273268012667294 0.5261485950440045 0.2736862807474445
7 0.7706746918095233 0.3151684642604216 0.20575403388083965 0.34625406511667856 0.2242859730688655 0.7351293811006663 0.7892066309975492 0.7040437802444095 0.7706746918095233 0.3151684642604216
8 0.7306000587498893 0.7333282393118052 0.27619188653718435 0.7583327259932052 0.2776465769037317 0.7888580353097537 0.7320547491164366 0.7638535486283539 0.7306000587498893 0.7333282393118052
1 0.7318615154762924 0.7796581587311425 0.27048277911855867 0.8050462110898003 0.27363944246550037 0.8712858228240209 0.7350181788232342 0.8458977704653634 0.7318615154762924 0.7796581587311425
2 0.3355238984616981 0.9373657633092404 0.060665841018028493 0.9524902374206098 0.06160335184229541 0.9721630204103557 0.336461409285965 0.9570385462989863 0.3355238984616981 0.9373657633092404
10 0.3442398295690285 0.9870503926907312 0.34292770770748243 0.9595167493768181 0.06426488400131779 0.9748505864203573 0.06546338486757396 1 0.10890576879607171 1 0.3442398295690285 0.9870503926907312
0 0.9813113655305501 0.8558033659400619 0.6639297359198602 0.8732677629641691 0.6693596294982702 0.9872089733059333 0.9787695907912694 0.9701832292076915 0.9813113655305501 0.8558033659400619