4 0.5267587209302326 0.10006198347107438 0.5267587209302326 0.027252066115702477 0.0412063953488372 0.027252066115702477 0.0412063953488372 0.10006198347107438 0.5267587209302326 0.10006198347107438
3 0.9714244186046512 0.1241219008264463 0.9714244186046512 0.015340909090909093 0.8246802325581396 0.015340909090909093 0.8246802325581396 0.1241219008264463 0.9714244186046512 0.1241219008264463
5 0.6750944767441861 0.20521177685950412 0.6750944767441861 0.15774276859504133 0.32391715116279074 0.15774276859504133 0.32391715116279074 0.20521177685950412 0.6750944767441861 0.20521177685950412
6 0.7495712209302324 0.2592820247933884 0.7495712209302324 0.21633780991735538 0.23644622093023257 0.21633780991735538 0.23644622093023257 0.2592820247933884 0.7495712209302324 0.2592820247933884
9 0.5483139534883721 0.3077117768595041 0.5483139534883721 0.26861053719008265 0.4532267441860465 0.26861053719008265 0.4532267441860465 0.3077117768595041 0.5483139534883721 0.3077117768595041
7 0.7904433139534885 0.7129028925619835 0.7904433139534885 0.3234814049586777 0.2250218023255814 0.3234814049586777 0.2250218023255814 0.7129028925619835 0.7904433139534885 0.7129028925619835
8 0.7305450581395349 0.7694989669421488 0.7305450581395349 0.738930785123967 0.275734011627907 0.738930785123967 0.275734011627907 0.7694989669421488 0.7305450581395349 0.7694989669421488
1 0.7296002906976745 0.8516064049586777 0.7296002906976745 0.7852737603305785 0.26781250000000006 0.7852737603305785 0.26781250000000006 0.8516064049586777 0.7296002906976745 0.8516064049586777
2 0.3264462209302326 0.9407076446280992 0.3264462209302326 0.9210072314049588 0.05134447674418605 0.9210072314049588 0.05134447674418605 0.9407076446280992 0.3264462209302326 0.9407076446280992
10 0.33278343023255813 0.9711105371900828 0.33278343023255813 0.943538223140496 0.05387354651162791 0.943538223140496 0.05387354651162791 0.9711105371900828 0.33278343023255813 0.9711105371900828
0 0.9888590116279069 0.9891373966942149 0.9888590116279069 0.8750361570247933 0.6573328488372092 0.8750361570247933 0.6573328488372092 0.9891373966942149 0.9888590116279069 0.9891373966942149