4 0.5149930458405358 0.08417812576001962 0.5108350038471943 0.011487852001135921 0.02595503099636996 0.04281135534884321 0.030113072989711512 0.11550162910772689 0.5149930458405358 0.08417812576001962
3 0.955868728901602 0 0.8087862304798046 0 0.8138760385148937 0.08897926958007225 0.9604170253406713 0.07951264412960068 0.955868728901602 0
5 0.6691283120710062 0.17958583429826888 0.6664174433196719 0.132194828633957 0.3157263990746629 0.1548496560417268 0.3184372678259972 0.2022406617060387 0.6691283120710062 0.17958583429826888
6 0.7465897805631859 0.2287626573016033 0.7441373145350474 0.18588900973978723 0.23172284762632883 0.21899125600345581 0.23417531365446742 0.26186490356527187 0.7465897805631859 0.2287626573016033
9 0.5483769326347544 0.2900961510713904 0.5461439319331656 0.25105916381580373 0.45118839153952106 0.25719334207422145 0.45342139224110983 0.2962303293298081 0.5483769326347544 0.2900961510713904
7 0.8133107402509457 0.6790014179493302 0.7910715871605651 0.2902198402514188 0.22643302451104325 0.3266957907911171 0.24867217760142393 0.7154773684890287 0.8133107402509457 0.6790014179493302
8 0.7567275254930665 0.7393685928196805 0.7549818322101071 0.7088506416203989 0.3008005704464975 0.7381909919542644 0.3025462637294569 0.768708943153546 0.7567275254930665 0.7393685928196805
1 0.7604730727801354 0.82140205721989 0.7566849360549304 0.7551784125255381 0.2955365909240094 0.7849688401391407 0.2993247276492146 0.8511924848334926 0.7604730727801354 0.82140205721989
2 0.3629656672376158 0.9363647860101653 0.3618406124587704 0.9166967451392528 0.08711980643148333 0.9344438548758887 0.08824486121032872 0.9541118957468012 0.3629656672376158 0.9363647860101653
10 0.3710303552103323 0.9663088993661059 0.3694557504883929 0.9387818930292076 0.09093207812311516 0.9567746699476999 0.0925066828450545 0.9843016762845984 0.3710303552103323 0.9663088993661059
0 1 0.8294061797420708 0.6896437314396918 0.8494553592535982 0.6961598457723333 0.9633691040985004 1 0.9437408690279496 1 0.8294061797420708