4 0.5237939214199785 0.08445431766573414 0.5259512523045822 0.01164440031036225 0.04039892672318676 0.026031135883144336 0.03824159583858315 0.09884105323851623 0.5237939214199785 0.08445431766573414
3 0.970571590582831 0 0.823956233451367 0 0.8210025466077263 0.09968693097287183 0.9677467326542379 0.09533895509001222 0.970571590582831 0
5 0.6690141278002009 0.18520897754856527 0.6704206169339627 0.13773996928410254 0.31924329135256724 0.14814522337540312 0.3178368022188054 0.19561423163986588 0.6690141278002009 0.18520897754856527
6 0.7418887905659838 0.23707250713619638 0.7431612117474958 0.19412829226016332 0.2300362117474961 0.209331995963867 0.22876379056598403 0.2522762108399001 0.7418887905659838 0.23707250713619638
9 0.5391965675073497 0.2914654374968857 0.5403551227568141 0.2523641978274642 0.4452679134544886 0.25518159662160717 0.4441093582050242 0.2942828362910287 0.5391965675073497 0.2914654374968857
7 0.7693202652849853 0.6894823499263245 0.7808586797324907 0.3000608623230188 0.21543716810458355 0.316814092297179 0.20389875365707819 0.7062355799004848 0.7693202652849853 0.6894823499263245
8 0.7077450887486564 0.7478531874417181 0.7086508126543803 0.7172850056235364 0.25383976614275244 0.7307608884831401 0.25293404223702853 0.7613290703013219 0.7077450887486564 0.7478531874417181
1 0.7043675083285286 0.8299886185676355 0.706332920021213 0.7636559739395362 0.24454512932353847 0.7773385751453934 0.24257971763085404 0.8436712197734926 0.7043675083285286 0.8299886185676355
2 0.2985734018301408 0.9310351640079442 0.29915711777749315 0.9113347507848037 0.024055373591446556 0.9194859135755015 0.023471657644094243 0.9391863267986419 0.2985734018301408 0.9310351640079442
10 0.30400978468618534 0.9612502874054144 0.3048267421395064 0.9336779733558276 0.025916858418576175 0.9419419699105218 0.025099900965255082 0.9695142839601085 0.30400978468618534 0.9612502874054144
0 0.9595512369110414 0.9598378704237583 0.9629320143827279 0.8457366307543368 0.6314058515920301 0.8555596281703575 0.6280250741203437 0.969660867839779 0.9595512369110414 0.9598378704237583