4 0.4937163091933456 0.04116569369192697 0.009346764673292042 0.06068442153474295 0.014425727761603972 0.13346746538606002 0.49879527228165754 0.11394873754324406 0.4937163091933456 0.04116569369192697
3 0.7905096626232626 0.023422508522170742 0.7976693970740077 0.1260236216689804 0.9440561216586469 0.1201246491400613 0.9376121830161043 0.02778110171899568 0.7905096626232626 0.023422508522170742
5 0.650793297822818 0.1656452811191437 0.3004714225564281 0.17976226559529399 0.30378269318508777 0.22721375346373918 0.6541045684514776 0.21309676898758892 0.650793297822818 0.1656452811191437
6 0.729176003864751 0.22122480336480183 0.21730095057517881 0.24185192570913916 0.2202965875726409 0.28478029025084245 0.7321716408622131 0.2641531679065051 0.729176003864751 0.22122480336480183
9 0.5320553501387579 0.28156858223098163 0.4371997684992265 0.28539099489779907 0.4399273330975892 0.3244778026414477 0.5347829147371207 0.3206553899746303 0.5320553501387579 0.28156858223098163
7 0.7774224938979778 0.3266858345403916 0.2133783206544105 0.34941522542266984 0.24054299042980873 0.7386929809588857 0.804587163673376 0.7159635900766076 0.7774224938979778 0.3266858345403916
8 0.7466504310042242 0.7443897271785345 0.29294728134317555 0.7626726857168078 0.2950796099155812 0.7932295850862808 0.7487827595766299 0.7749466265480076 0.7466504310042242 0.7443897271785345
1 0.748940687501593 0.7907535763237589 0.288277788652685 0.8093169931439141 0.29290492003606344 0.8756251549727033 0.7535678188849715 0.8570617381525482 0.748940687501593 0.7907535763237589
2 0.356236969096851 0.9426433480366012 0.08180535893307643 0.9537021686640628 0.08317959029082485 0.9733953106368864 0.35761120045459943 0.9623364900094248 0.356236969096851 0.9426433480366012
10 0.36605377121031707 0.9924734115234766 0.36413042380925226 0.9649112741739921 0.08589995054710446 0.9761231782803144 0.08756612840617038 1 0.17927673012844622 1 0.36605377121031707 0.9924734115234766
0 1 0.8706181807548767 0.6831107937655608 0.8833879228718069 0.691070093894733 0.9974470487710405 1 0.9849980440225065 1 0.8706181807548767