4 0.5499727891156463 0.09953140096618356 0.5499727891156463 0.02814009661835748 0.04085714285714286 0.02814009661835748 0.04085714285714286 0.09953140096618356 0.5499727891156463 0.09953140096618356
3 0.9726734693877551 0.12408695652173912 0.9726734693877551 0.016531400966183576 0.8202517006802722 0.016531400966183576 0.8202517006802722 0.12408695652173912 0.9726734693877551 0.12408695652173912
5 0.7243945578231293 0.21001449275362316 0.7243945578231293 0.16030434782608693 0.2847210884353742 0.16030434782608693 0.2847210884353742 0.21001449275362316 0.7243945578231293 0.21001449275362316
6 0.7511020408163266 0.25464734299516906 0.7511020408163266 0.21656038647342993 0.24827210884353743 0.21656038647342993 0.24827210884353743 0.25464734299516906 0.7511020408163266 0.25464734299516906
9 0.5578299319727892 0.3048647342995168 0.5578299319727892 0.2683526570048309 0.45065986394557833 0.2683526570048309 0.45065986394557833 0.3048647342995168 0.5578299319727892 0.3048647342995168
7 0.7737346938775511 0.7067391304347826 0.7737346938775511 0.31490338164251214 0.22313605442176876 0.31490338164251214 0.22313605442176876 0.7067391304347826 0.7737346938775511 0.7067391304347826
8 0.7291156462585034 0.773536231884058 0.7291156462585034 0.7334589371980677 0.2734149659863946 0.7334589371980677 0.2734149659863946 0.773536231884058 0.7291156462585034 0.773536231884058
1 0.7272176870748299 0.8486618357487922 0.7272176870748299 0.7824685990338165 0.27498639455782314 0.7824685990338165 0.27498639455782314 0.8486618357487922 0.7272176870748299 0.8486618357487922
2 0.32061904761904764 0.941280193236715 0.32061904761904764 0.921830917874396 0.05578911564625852 0.921830917874396 0.05578911564625852 0.941280193236715 0.32061904761904764 0.941280193236715
10 0.3230680272108844 0.9643526570048309 0.3230680272108844 0.9448260869565217 0.0557891156462585 0.9448260869565217 0.0557891156462585 0.9643526570048309 0.3230680272108844 0.9643526570048309
0 0.9934149659863948 0.9931304347826085 0.9934149659863948 0.8777294685990337 0.6404625850340138 0.8777294685990337 0.6404625850340138 0.9931304347826085 0.9934149659863948 0.9931304347826085