4 0.5096047438973754 0.03311591456344921 0.004069856834439219 0.06997451415358864 0.012926079689900286 0.14118633321483845 0.5184609667528365 0.104327733624699 0.5096047438973754 0.03311591456344921
3 0.7777306783868896 0.011521935976102068 0.7898850896227984 0.10925408972309664 0.9412348314658254 0.09821916478433845 0.9307346734889047 0.013788661829465254 0.7777306783868896 0.011521935976102068
5 0.6991949722063765 0.15232022527148845 0.26261385488072575 0.18415139855729676 0.26878048995872644 0.23373656692515846 0.7053616072843771 0.20190539363935012 0.6991949722063765 0.15232022527148845
6 0.7326932789188484 0.20650128055767591 0.23339989687523563 0.24290481138750955 0.2381246540137155 0.28089601327402286 0.7374180360573284 0.24449248244418925 0.7326932789188484 0.20650128055767591
9 0.5472054359216274 0.27215571922760096 0.4407891263172782 0.27991454309108377 0.44531851678564843 0.31633482516341593 0.5517348263899976 0.30857600129993323 0.5472054359216274 0.27215571922760096
7 0.7673663796788477 0.30295848800384456 0.22064026143860285 0.34282034441253917 0.26924820810299904 0.7336709767077054 0.8159743263432441 0.6938091202990109 0.7673663796788477 0.30295848800384456
8 0.774983738796794 0.7236920493433409 0.3224881346469815 0.7566835494681974 0.32745979690228705 0.7966600855983996 0.7799554010520997 0.7636685854735431 0.774983738796794 0.7236920493433409
1 0.7791788673746858 0.7727159028336394 0.3301282497615127 0.8054562286427426 0.3383396427487592 0.8714830485627076 0.7873902603619322 0.8387427227536043 0.7791788673746858 0.7727159028336394
2 0.39272810748357573 0.9411644948803137 0.12976080185342997 0.9603374676494765 0.13217352030085763 0.9797378454773686 0.39514082593100347 0.9605648727082062 0.39272810748357573 0.9411644948803137
10 0.4004347627788698 0.9834020303461997 0.3980124557832159 0.9639245521593294 0.13261339495073643 0.9832748244454941 0.13469341318310338 1 0.17278496577863908 1 0.4004347627788698 0.9834020303461997
0 1 0.8524987849994992 0.70485122573659 0.8740181118916531 0.7191669282383666 0.9891289478461216 1 0.9686533802668611 1 0.8524987849994992