4 0.4727182786241883 0.08663648685229337 0.9706224696537562 0.08057315212422031 0.9729580166770534 0.00816027185575082 0.47505382564748555 0.01422360658382389 0.4727182786241883 0.08663648685229337
3 0.03923581928508585 0.11048483847554141 0.19507652631324174 0.10858705495012583 0.19840090878206734 0.0055156514286418285 0.04256020175391148 0.007413434954057421 0.03923581928508585 0.11048483847554141
5 0.28632124073805915 0.1956763221001202 0.7097390409487763 0.19052006131992225 0.7112347636687149 0.14414566202359064 0.28781696345799773 0.1493019228037886 0.28632124073805915 0.1956763221001202
6 0.23996163370000112 0.24590614666163016 0.7551784366544178 0.23963198390075716 0.756388918380454 0.20210138938894898 0.2411721154260373 0.20837555214982192 0.23996163370000112 0.24590614666163016
9 0.443409759496046 0.2865964822588475 0.5548197491962513 0.2852397632920786 0.5557976737840895 0.25491952765377257 0.44438768408388424 0.25627624662054144 0.443409759496046 0.2865964822588475
7 0.20048805630023556 0.7003354363869106 0.7617675588536017 0.693500335254401 0.7744974123902197 0.2988153424937295 0.2132179098368536 0.305650443626239 0.20048805630023556 0.7003354363869106
8 0.2500013376867457 0.7647596353595622 0.7145858906834152 0.7591020576466969 0.7159980674073255 0.7153179749429909 0.251413514410656 0.720975552655856 0.2500013376867457 0.7647596353595622
1 0.24757819206313522 0.8398884819061203 0.7121627450598048 0.8342309041932552 0.7141740837403058 0.7718699987618396 0.24958953074363624 0.7775275764747048 0.24757819206313522 0.8398884819061203
2 0.6583162500087171 0.9279709712442836 0.9222621826383052 0.9247567132234034 0.9231671603490141 0.8966981719234346 0.6592212277194262 0.8999124299443148 0.6583162500087171 0.9279709712442836
10 0.6474579714579962 0.953566252581724 0.9220117888490784 0.9502228147764105 0.9228179453629929 0.9252281927296591 0.6482641279719107 0.9285716305349726 0.6474579714579962 0.953566252581724
0 0 0.9834163765477186 0.3287438879598831 0.979413027573316 0.3325785868298215 0.8605194290438923 0 0.864569475883564 0 0.9834163765477186