4 1 0.8383798120288096 0.5284813098701765 0.8854444267482772 0.5362051847670823 0.9575049577705445 1 0.9112113012416507 1 0.8383798120288096
3 0.2507345552219879 0.8944834925216485 0.09561236083075393 0.9099670066776869 0.10504664048424618 0.9979849006386012 0.2613321059279489 0.9933542201810099 0.2507345552219879 0.8944834925216485
5 0.7613918878252709 0.8014095893253176 0.7564453913282935 0.7552608402803579 0.33497978349369384 0.797329409067695 0.3399262799906711 0.8434781581126546 0.7613918878252709 0.8014095893253176
6 0.8019739717219331 0.7384919548409898 0.7979707941692522 0.7011439780711736 0.28512942822828796 0.7523332136316376 0.28913260578096883 0.7896811904014539 0.8019739717219331 0.7384919548409898
9 0.5985501051867407 0.7081101810927749 0.5953160160848194 0.6779374787680482 0.4844196886170658 0.6890065902058932 0.48765377771898705 0.7191792925306201 0.5985501051867407 0.7081101810927749
7 0.8127687124325867 0.6398813321389335 0.770669882825653 0.24711681207829844 0.21197819203931742 0.30288259554403335 0.2540770216462512 0.6956471156046684 0.8127687124325867 0.6398813321389335
8 0.7235256279936082 0.2304309369243798 0.7188554260070915 0.18685990041465342 0.2564128670927931 0.2330185815460283 0.2610830690793098 0.27658961805575466 0.7235256279936082 0.2304309369243798
1 0.7174935414984406 0.1741540860152386 0.7108418542540684 0.11209661856253347 0.24839929533977004 0.15825529969390836 0.25505098258414216 0.22031276714661352 0.7174935414984406 0.1741540860152386
2 0.653293383736501 0.05240232595792829 0.9160223783036597 0.026178044367877545 0.9132164603222802 0 0.8955575130054659 0 0.6503005368564 0.024480312936353128 0.653293383736501 0.05240232595792829
10 0.6388793950156533 0 0.6375930527922975 0.00012839618536213896 0.6402590886283092 0.025001398484291896 0.8907365807950706 0 0.6388793950156533 0
0 0.33139173733729166 0.12817154473561704 0.3187100254970837 0.009856463034481367 0.0015375930991541043 0.04151501367716081 0.005950202792586384 0.16065547539983235 0.33139173733729166 0.12817154473561704