4 0.5287733828831462 0.09289766937665735 0.5253656069914129 0.02054093658173725 0.027590204080177157 0.03661240092690418 0.030997979971910495 0.10896913372182428 0.5287733828831462 0.09289766937665735
3 0.9578275914262051 0 0.8017902846267915 0 0.8066185451610428 0.10251764448142328 0.9624189423629723 0.09748738281331078 0.9578275914262051 0
5 0.7167046788366752 0.1937213810769851 0.7145222831174365 0.14738293954601522 0.2912140043422486 0.16105011528342816 0.2933964000614874 0.20738855681439808 0.7167046788366752 0.1937213810769851
6 0.763788399382737 0.24192296148160375 0.7620221962610605 0.20442146742892423 0.2469386595128358 0.22105175218630055 0.24870486263451236 0.2585532462389801 0.763788399382737 0.24192296148160375
9 0.5610327023959152 0.29168621061683303 0.5596058213264588 0.26138948467213674 0.4482246489834787 0.26498560157458695 0.4496515300529352 0.2952823275192833 0.5610327023959152 0.29168621061683303
7 0.809979884209995 0.6948964436525609 0.7914058681209759 0.30051748160229896 0.23027154637205877 0.3186345886190257 0.24884556246107778 0.7130135506692876 0.809979884209995 0.6948964436525609
8 0.7614431983097728 0.7615646371528924 0.7593827038103664 0.7178145037357824 0.29491832045971433 0.7328104692514812 0.2969788149591206 0.7765606026685911 0.7614431983097728 0.7615646371528924
1 0.764978788540211 0.8366352303209269 0.7620440621582751 0.7743226782663588 0.29757967880762304 0.7893186437820575 0.30051440518955885 0.8516311958366257 0.764978788540211 0.8366352303209269
2 0.35572660513955257 0.9430387833253349 0.3544061602098005 0.9150019980472178 0.09052849995192012 0.9235217046930619 0.0918489448816721 0.951558489971179 0.35572660513955257 0.9430387833253349
10 0.3669594711488397 0.9681681228364574 0.3657832153485164 0.9431928811109285 0.09130041416930722 0.9520549914657462 0.09247666996963054 0.977030233191275 0.3669594711488397 0.9681681228364574
0 1 0.9697199570165334 1 0.8507378971092073 0.6803214996024389 0.8610592219296145 0.6859166746216877 0.9798606327825659 1 0.9697199570165334