4 0.5169357749518372 0.04112021362966157 0.009060308819556506 0.06158616388114127 0.014040314466854498 0.13295111832257334 0.5219157805991351 0.11248516807109363 0.5169357749518372 0.04112021362966157
3 0.9388642838539188 0.027818201003079076 0.7860703167219002 0.023290972347315562 0.7932492152857437 0.12616671290522474 0.9452996922253464 0.12003950711507703 0.9388642838539188 0.027818201003079076
5 0.7001519731164402 0.1662240999285196 0.26154952620220223 0.18389854269513692 0.2650171306216566 0.23359034004270332 0.7036195775358945 0.215915897276086 0.7001519731164402 0.1662240999285196
6 0.7307186209062313 0.22138576030998053 0.2291135573755838 0.24159903100464075 0.23177036915818616 0.2796719299636508 0.7333754326888337 0.2594586592689906 0.7307186209062313 0.22138576030998053
9 0.5415301593654868 0.2809282642138017 0.4346211522376414 0.28523639596502837 0.43716810599879163 0.3217349969711417 0.544077113126637 0.31742686521991503 0.5415301593654868 0.2809282642138017
7 0.7601562025225426 0.3187826474569906 0.2108987936794836 0.3409161733983891 0.23823187380212132 0.7326072990408682 0.7874892826451801 0.7104737730994698 0.7601562025225426 0.3187826474569906
8 0.7448428042825184 0.7389773598212445 0.29025218796411617 0.7572960807652065 0.293047838718615 0.797358583272049 0.7476384550370171 0.7790398623280871 0.7448428042825184 0.7389773598212445
1 0.7463682096210789 0.7880452287191583 0.29523852980357834 0.8062244836739667 0.2998559365825252 0.8723932890438748 0.7509856164000257 0.8542140340890663 0.7463682096210789 0.7880452287191583
2 0.3504814479505581 0.9437009771493912 0.08629662838174885 0.9543468809881153 0.08765334124790271 0.9737889777929065 0.35183816081671193 0.9631430739541825 0.3504814479505581 0.9437009771493912
10 0.35452852385951344 0.9665892123350335 0.08790069029006788 0.9773335627543366 0.08926279496095557 0.996852925716325 0.35589062853040115 0.9861085752970221 0.35452852385951344 0.9665892123350335
0 1 0.8733180691214822 0.6664695009952065 0.8867584084471181 0.6743717517547888 1 0.7270487248617125 1 1 0.9890008327029461 1 0.8733180691214822