4 0.9700800847423653 0.9607031717397443 0.9666826879554796 0.8893751062290329 0.4580180193296223 0.9136030969703813 0.461415416116508 0.9849311624810929 0.9700800847423653 0.9607031717397443
3 0.19148102563669947 1 0.1868099632131966 0.9019314294302251 0.03452321060455217 0.9091849350495551 0.038848784383321365 1 0.19148102563669947 1
5 0.7201426721778857 0.8402610834248793 0.7177770467253851 0.7905949720359757 0.27849304268173963 0.8115183218167726 0.2808586681342404 0.8611844332056762 0.7201426721778857 0.8402610834248793
6 0.75388223109456 0.7823203286796229 0.7520697343921776 0.7442671098078912 0.24968521212936542 0.7681959735657415 0.2514977088317478 0.8062491924374731 0.75388223109456 0.7823203286796229
9 0.5492090418111369 0.7402052421996949 0.5474714910657531 0.7037255075177383 0.44039635491487444 0.7088255578402823 0.4421339056602583 0.745305292522239 0.5492090418111369 0.7402052421996949
7 0.7743160356594571 0.6828682621103478 0.7556692056835261 0.2913796037280364 0.20555828973965065 0.3175817030682723 0.2242051197155815 0.7090703614505839 0.7743160356594571 0.6828682621103478
8 0.704163279056698 0.2670761576641573 0.7022560653779862 0.22703436368142213 0.24695904744761563 0.248720422524039 0.2488662611263275 0.2887622165067742 0.704163279056698 0.2670761576641573
1 0.7002609518716105 0.21818469062087456 0.6971109227219346 0.15205008826414393 0.24528021934259533 0.17357104455093392 0.24843024849227113 0.23970564690766455 0.7002609518716105 0.21818469062087456
2 0.9126320370371596 0.06851457551841629 0.9117064774577847 0.049082528438559425 0.6471111333957239 0.06168535686668201 0.6480366929750988 0.08111740394653887 0.9126320370371596 0.06851457551841629
10 0.911537734106751 0.04553977569225662 0.9106084961981984 0.026030502394496786 0.6435663418648212 0.03874987380320306 0.644495579773374 0.058259147100962895 0.911537734106751 0.04553977569225662
0 0.3305751915375308 0.1404006248935872 0.32508344607501033 0.025101881564322578 0 0.04058579308298202 0 0.15614611140737897 0.3305751915375308 0.1404006248935872