4 0.5327551020408164 0.10119806763285023 0.5327551020408164 0.02881159420289855 0.03464625850340137 0.02881159420289855 0.03464625850340137 0.10119806763285023 0.5327551020408164 0.10119806763285023
3 0.9658163265306123 0.11976811594202898 0.9658163265306123 0.016734299516908212 0.8099115646258505 0.016734299516908212 0.8099115646258505 0.11976811594202898 0.9658163265306123 0.11976811594202898
5 0.7157823129251701 0.2079710144927536 0.7157823129251701 0.16161352657004827 0.2921904761904762 0.16161352657004827 0.2921904761904762 0.2079710144927536 0.7157823129251701 0.2079710144927536
6 0.7605578231292518 0.2576376811594203 0.7605578231292518 0.22012077294685992 0.24512925170068026 0.22012077294685992 0.24512925170068026 0.2576376811594203 0.7605578231292518 0.2576376811594203
9 0.5556326530612246 0.30080676328502415 0.5556326530612246 0.27049758454106276 0.44417687074829937 0.27049758454106276 0.44417687074829937 0.30080676328502415 0.5556326530612246 0.30080676328502415
7 0.7853945578231293 0.7115990338164252 0.7853945578231293 0.3170579710144928 0.22388435374149668 0.3170579710144928 0.22388435374149668 0.7115990338164252 0.7853945578231293 0.7115990338164252
8 0.733761904761905 0.7766280193236713 0.733761904761905 0.7328599033816424 0.26898639455782314 0.7328599033816424 0.26898639455782314 0.7766280193236713 0.733761904761905 0.7766280193236713
1 0.733761904761905 0.8517294685990338 0.733761904761905 0.7893913043478261 0.26898639455782314 0.7893913043478261 0.26898639455782314 0.8517294685990338 0.733761904761905 0.8517294685990338
2 0.31985034013605446 0.9448164251207729 0.31985034013605446 0.916768115942029 0.05579591836734695 0.916768115942029 0.05579591836734695 0.9448164251207729 0.31985034013605446 0.9448164251207729
10 0.32989115646258504 0.9702801932367149 0.32989115646258504 0.9452946859903381 0.05522448979591838 0.9452946859903381 0.05522448979591838 0.9702801932367149 0.32989115646258504 0.9702801932367149
0 0.9836734693877552 0.9922463768115942 0.9836734693877552 0.8733961352657005 0.6480272108843537 0.8733961352657005 0.6480272108843537 0.9922463768115942 0.9836734693877552 0.9922463768115942