4 0.5267795103901606 0.09746485555854961 0.5246274774329392 0.02617139051215784 0.015617444158309441 0.05281644469734098 0.017769477115530802 0.12410990974373276 0.5267795103901606 0.09746485555854961
3 0.7977425615203023 0.10784145328959739 0.9501327112470707 0.09986431427205046 0.9471182512902722 0 0.8027778506599271 0 0.7945003865467215 0.00043329888488322603 0.7977425615203023 0.10784145328959739
5 0.7044955195275114 0.19866800405359555 0.7029970475333438 0.1490259851520276 0.2634147857668303 0.1720367166070885 0.26491325776099783 0.22167873550865647 0.7044955195275114 0.19866800405359555
6 0.7325428832782642 0.24184192486379003 0.7313947828699049 0.20380716519226796 0.228669159947303 0.23012325050963828 0.22981726035566225 0.26815801018116037 0.7325428832782642 0.24184192486379003
9 0.5408246300979404 0.3021055756100561 0.5397240031463448 0.2656435368483408 0.4325761669062524 0.27125238483916614 0.43367679385784796 0.3077144236008814 0.5408246300979404 0.3021055756100561
7 0.7687987815288037 0.692129634680701 0.7569872107370709 0.30083088316406587 0.20650278966301985 0.32964698946604803 0.21831436045475247 0.7209457409826832 0.7687987815288037 0.692129634680701
8 0.7262025343009169 0.7611703735477372 0.7249944367631507 0.7211480034012447 0.2693882888609474 0.7449975342638455 0.2705963863987136 0.785019904410338 0.7262025343009169 0.7611703735477372
1 0.7265695692243894 0.8362923518921208 0.7245742277993086 0.7701898307075452 0.2724367479485491 0.7938577878444052 0.27443208937363006 0.8599603090289807 0.7265695692243894 0.8362923518921208
2 0.32284718146980246 0.9500635077430162 0.32226089884118064 0.93064088693663 0.05748590424762988 0.9445010146681797 0.05807218687625168 0.9639236354745658 0.32284718146980246 0.9500635077430162
10 0.32599115373952603 0.9729761818126533 0.3254025411252962 0.9534763722499577 0.058179074966020296 0.9674646696702657 0.058767687580250146 0.9869644792329614 0.32599115373952603 0.9729761818126533
0 0.981065689900399 0.8520439544820418 0.6407086842212996 0.8698605597860345 0.6441873527340959 0.9851033729561662 0.978497704650673 0.9676032907197147 0.981065689900399 0.8520439544820418