4 0.5086418706638935 0.01268503334754763 0.5028671295186631 0.08498298466925923 0.9994020966434519 0.11369341196347058 1 0.1062078491166405 1 0.04109612779556179 0.5086418706638935 0.01268503334754763
3 0.06969279634988344 0.0785691669851922 0.22510494538386105 0.08755534016714205 0.2320983582829069 0 0.0759684458398244 0 0.06969279634988344 0.0785691669851922
5 0.31190025598506205 0.18107587757724472 0.7341536679777193 0.2054912293397744 0.7378519071681645 0.159190432430862 0.3155984951755073 0.13477508066833227 0.31190025598506205 0.18107587757724472
6 0.2633039891675025 0.2281009969142532 0.7771039589731755 0.25780971362818894 0.780096927455147 0.22033868520023828 0.2662969576494739 0.19062996848630254 0.2633039891675025 0.2281009969142532
9 0.4641377771313176 0.28302894092057884 0.5752413921837954 0.28945312546604823 0.5776593530717544 0.2591810121056359 0.4665557380192765 0.25275682756016643 0.4641377771313176 0.28302894092057884
7 0.20233027301574416 0.6800756347630695 0.7620662711640371 0.7124404443792886 0.7935413852411176 0.31838186960324844 0.23380538709282467 0.28601705998702937 0.20233027301574416 0.6800756347630695
8 0.2486119958436778 0.74800114311019 0.7119189530955942 0.7747902749775946 0.7154106211932844 0.7310756834816852 0.2521036639413679 0.7042865516142804 0.2486119958436778 0.74800114311019
1 0.24262066336611815 0.8230107501074756 0.7059276206180347 0.8497998819748803 0.7109007425973495 0.7875379516588521 0.24759378534543308 0.7607488197914475 0.24262066336611815 0.8230107501074756
2 0.6477982363368505 0.9398412615894556 0.9110183243420376 0.9550610581786243 0.9132559209176655 0.9270470495444906 0.6500358329124785 0.9118272529553221 0.6477982363368505 0.9398412615894556
10 0.637750992026814 0.9397401963545583 0.6357577351392584 0.9646951485859979 0.8265734764718048 0.9757284127684622 0.910137556040766 0.9732524400404932 0.9115497933792825 0.9555716706714449 0.637750992026814 0.9397401963545583
0 0.00703986923140262 0.9503823462393539 0.3168745106780111 0.9682974691117482 0.3263559696779417 0.8495925706589488 0.006156134193176054 0.8310781160787672 0.00703986923140262 0.9503823462393539