4 0.4208346689454609 0.03379486928068262 0.42718632238361465 0.1006842262022416 0.9267217075251263 0.05324954013948889 0.9216652584834092 0 0.7767289404833712 0 0.4208346689454609 0.03379486928068262
3 0.0012058452191329996 0.16278910458295498 0.0015431818383489632 0.16634160154223604 0.14674435669510072 0.1525536450728025 0.13684787049976044 0.04833360160931505 0.0004539647470954746 0.06128524085788908 0.0012058452191329996 0.16278910458295498
5 0.2667510894381499 0.22462594633080377 0.7007292277226952 0.18341641971880276 0.6961340064906919 0.13502407651023743 0.2621558682061465 0.1762336031222384 0.2667510894381499 0.22462594633080377
6 0.2122685274771705 0.2841506407457031 0.7361847069043308 0.2344008127384559 0.7321758764556598 0.19218375959943917 0.20825969702849967 0.24193358760668637 0.2122685274771705 0.2841506407457031
9 0.4371185814764492 0.299481597710439 0.5322172240761932 0.29045125793694143 0.5292615222461866 0.25932471796021367 0.4341628796464426 0.2683550577337112 0.4371185814764492 0.299481597710439
7 0.25267172289222806 0.7279880600336922 0.7958622746907651 0.6764079837003253 0.758802742536659 0.28613349883760847 0.21561219073812213 0.3377135751709754 0.25267172289222806 0.7279880600336922
8 0.28993991350733067 0.7901461270774749 0.7581459779917837 0.7456863984133975 0.7542385328654648 0.7045370356135083 0.2860324683810117 0.7489967642775858 0.28993991350733067 0.7901461270774749
1 0.28721392183735533 0.8706797037768993 0.7757644046646109 0.8242881177791382 0.7692373820202268 0.7555519451358451 0.28068689919297124 0.8019435311336062 0.28721392183735533 0.8706797037768993
2 0.7094750972762925 0.9206746933724488 0.9908971877612487 0.8939515243831372 0.9889635595863031 0.8735884572846411 0.707541469101347 0.9003116262739529 0.7094750972762925 0.9206746933724488
10 0.7062257416581343 0.9471931210422645 0.9942848261430727 0.9198397189680626 0.9921676083303547 0.897543266660876 0.7041085238454163 0.9248966687350778 0.7062257416581343 0.9471931210422645
0 0.40186256033790213 0.9970781099782926 0.3912317194880424 0.8851245667148804 0.052880474346096724 0.9172535921445866 0.06070038970072097 0.9996052371681977 0.40186256033790213 0.9970781099782926