4 0.4619573579297526 0.09210424266324889 0.9637260654127459 0.08467063218201935 0.9632283735179525 0.017482226384917886 0.4614596660349593 0.024915836866147414 0.4619573579297526 0.09210424266324889
3 0.032211500724820215 0.12359920908782195 0.17806184086087468 0.12143846330802856 0.177286389080592 0.0167524729698643 0.03143604894453752 0.0189132187496577 0.032211500724820215 0.12359920908782195
5 0.29133039680713924 0.20286131650727926 0.727248764154078 0.19640326662065793 0.7268886997418398 0.147794570968484 0.29097033239490094 0.1542526208551053 0.29133039680713924 0.20286131650727926
6 0.23186723848959861 0.25785446996834166 0.7581257418909593 0.25005804769572887 0.757811624875393 0.20765225059427958 0.23155312147403231 0.21544867286689234 0.23186723848959861 0.25785446996834166
9 0.45452548920802877 0.2910767447719828 0.5500492987318384 0.28966157722348196 0.5498177009504821 0.25839587674039016 0.45429389142667254 0.259811044288891 0.45452548920802877 0.2910767447719828
7 0.23343370761079518 0.7035371739678157 0.7790527552298429 0.6954539288179039 0.7761489083878317 0.3034346051464063 0.23052986076878407 0.3115178502963182 0.23343370761079518 0.7035371739678157
8 0.26514264900807333 0.7684755551173771 0.7354419687359646 0.7615081577880749 0.7351357958964584 0.7201748244547416 0.26483647616856715 0.7271422217840438 0.26514264900807333 0.7684755551173771
1 0.25540806686603784 0.8485415842343379 0.7461427607435889 0.8412714406213371 0.7456313275712861 0.7722279623604675 0.2548966336937351 0.7794981059734682 0.25540806686603784 0.8485415842343379
2 0.671705060596434 0.93207005378641 0.9543853327052775 0.9278821979033159 0.9542338208069057 0.9074280916231225 0.6715535486980622 0.9116159475062164 0.671705060596434 0.93207005378641
10 0.6661568364973471 0.9582469004348921 0.9555037752728573 0.9539602791196994 0.9553378779745929 0.9315641438539989 0.6659909391990828 0.9358507651691915 0.6661568364973471 0.9582469004348921
0 0.01878472801895837 0.9947487637889294 0.3586486735971896 0.9897137423729555 0.3577710926345845 0.8712403124212647 0.017907147056353254 0.8762753338372384 0.01878472801895837 0.9947487637889294