4 0.9486655711040973 0.09143035867395807 0.9452712042768056 0.0231644499985046 0.44374142712491854 0.0369703627696223 0.44713579395221037 0.10523627144507577 0.9486655711040973 0.09143035867395807
3 0.1765600794094274 0.13437812309022737 0.17118902697642918 0.02635804348832129 0.013299016382709654 0.030704377072074917 0.018670068815707846 0.13872445667398098 0.1765600794094274 0.13437812309022737
5 0.7870251312773994 0.20741844058995337 0.7841671973513646 0.14994101804784474 0.2002133442612001 0.16601586808746524 0.2030712781872348 0.22349329062957388 0.7870251312773994 0.20741844058995337
6 0.7891276408939646 0.24970312482610724 0.7873272049523238 0.21349360422278593 0.22514472361040672 0.22896914057664527 0.2269451595520475 0.2651786611799666 0.7891276408939646 0.24970312482610724
9 0.5535921620125966 0.30575898497151716 0.5518335073264701 0.2703897493221807 0.44096531087066326 0.27344168505778604 0.44272396555678983 0.3088109207071226 0.5535921620125966 0.30575898497151716
7 0.7952566721176405 0.723567021510124 0.7752909949136467 0.3220267148783606 0.22180619017527434 0.3372628250406549 0.24177186737926815 0.7388031316724183 0.7952566721176405 0.723567021510124
8 0.7580854285932866 0.7710722918296237 0.7559992472834741 0.7291159948168662 0.2840823409427177 0.7421067362263899 0.2861685222525303 0.7840630332391473 0.7580854285932866 0.7710722918296237
1 0.7619450553197096 0.8484215965076607 0.759008361325809 0.7893601885350521 0.29578913158859715 0.8021115037530108 0.2987258255824977 0.8611729117256195 0.7619450553197096 0.8484215965076607
2 0.9801183183922594 0.9343256678234744 0.9789345161526902 0.9105175941272388 0.6808624209252804 0.9187228045328567 0.6820462231648494 0.9425308782290922 0.9801183183922594 0.9343256678234744
10 0.981547453838016 0.9632046136385716 0.9802820100646835 0.9377546038253544 0.6764069337283461 0.9461195563931569 0.6776723775016785 0.9715695662063742 0.981547453838016 0.9632046136385716
0 0.13254104850619777 1 0.3936259490434876 0.992812958418654 0.3880824889009538 0.8813254960755924 0.04444272234278638 0.8907850752629564 0.04987318572876468 1 0.13254104850619777 1