4 0.9562920849458008 0.959227623467976 0.9548015564477846 0.8937400494443063 0.47453814354001866 0.911766582843844 0.47602867203803473 0.9772541568675138 0.9562920849458008 0.959227623467976
3 0.1367799540275193 1 0.16734355304094084 0.9988528050989982 0.16498666309509527 0.8953009407772887 0.03167012281069378 0.9003049344223535 0.03393923017297531 1 0.1367799540275193 1
5 0.7742014599754824 0.8369613165544372 0.7731955400498821 0.7927654117614062 0.22177644793959142 0.8134627507922643 0.22278236786519148 0.8576586555852951 0.7742014599754824 0.8369613165544372
6 0.762596218113011 0.7794543946005225 0.761801064455414 0.7445186761078012 0.2258133244613335 0.7646368042788545 0.22660847811893042 0.799572522771576 0.762596218113011 0.7794543946005225
9 0.5378896574170734 0.7355563089192357 0.5371221956779002 0.7018372572396937 0.44446604350922714 0.70531507623829 0.4452335052484003 0.739034127917832 0.5378896574170734 0.7355563089192357
7 0.7619352053768367 0.6702287295551188 0.7530832418978343 0.2813105610279376 0.205855381226514 0.30185058352897215 0.21470734470551647 0.6907687520561533 0.7619352053768367 0.6702287295551188
8 0.701145078873231 0.2612591845272632 0.7002734427742732 0.2229631481695702 0.2539345103124614 0.23971633705985543 0.25480614641141924 0.2780123734175484 0.701145078873231 0.2612591845272632
1 0.6996550167140937 0.21105090676607507 0.6981209723442688 0.14365142775026649 0.2521766688166458 0.16038980436988648 0.2537107131864707 0.2277892833856951 0.6996550167140937 0.21105090676607507
2 0.9357371352546521 0.06809699077391113 0.935293625005611 0.04861100959140363 0.6409684795721803 0.059658409667866424 0.6414119898212213 0.0791443908503739 0.9357371352546521 0.06809699077391113
10 0.9355338877756594 0.046301879655498854 0.9350297190386423 0.024150818786979437 0.6276273871998518 0.03568906686720942 0.6281315559368686 0.05784012773572884 0.9355338877756594 0.046301879655498854
0 0.3266228220805614 0.1359377169272435 0.323951650838319 0.018577649884530385 0 0.030737071353502184 0 0.1481973999533525 0.3266228220805614 0.1359377169272435