4 0.5041080520835485 0.02275391643412714 0.02459609058023741 0.04662124547694441 0.028338193851838007 0.11207401933420698 0.5078501553551491 0.08820669029138971 0.5041080520835485 0.02275391643412714
3 0.9456010513731036 0 0.8121143189561765 0 0.8178830616151687 0.10090053141111131 0.9509910061607708 0.09427518863400308 0.9456010513731036 0
5 0.7613976293285027 0.13923668418563095 0.2108413234310962 0.16664018934169705 0.21336677413503546 0.21081260838396934 0.763923080032442 0.18340910322790324 0.7613976293285027 0.13923668418563095
6 0.7595700298564784 0.19735460946672834 0.22442093117706843 0.22399123305606577 0.22641723457380258 0.258908386670866 0.7615663332532127 0.23227176308152864 0.7595700298564784 0.19735460946672834
9 0.5430866804715743 0.26053853318560966 0.45057550415116954 0.2651432038980043 0.4525022845440373 0.2988443372376623 0.5450134608644421 0.2942396665252676 0.5430866804715743 0.26053853318560966
7 0.7752094412936208 0.30598585175856147 0.22883780896159586 0.33318106809403475 0.251061444094338 0.7218925650932919 0.7974330764263629 0.6946973487578189 0.7752094412936208 0.30598585175856147
8 0.7493154671093577 0.7191252844022148 0.3036749056011662 0.7413066912705571 0.3058632249133408 0.7795823770738459 0.7515037864215323 0.7574009702055036 0.7493154671093577 0.7191252844022148
1 0.7521376691046996 0.7693222660112269 0.30689111906857325 0.791484061269838 0.310742472774821 0.8588477241308955 0.7559890228109473 0.8366859288722842 0.7521376691046996 0.7693222660112269
2 0.3696541857211361 0.9226481355412164 0.07578956057294492 0.9372750150886363 0.07690303217455065 0.9567506414000425 0.3707676573227419 0.9421237618526225 0.3696541857211361 0.9226481355412164
10 0.38366359158693036 0.9437853405099533 0.07674224145064842 0.9590621082281195 0.0780080015369138 0.9812013979993611 0.3849293516731957 0.965924630281195 0.38366359158693036 0.9437853405099533
0 1 0.8462298110652763 0.682404119209072 0.8620378951133071 0.6891103302328162 0.9793355968917159 1 0.9638613091991137 1 0.8462298110652763