4 0.5819136024159447 0.024383621778716898 0.2075860345901782 0 0.080218371029252 0 0.0763164576507273 0.05990060697729648 0.5774735269651218 0.09254587673626948 0.5819136024159447 0.024383621778716898
3 1 0.033478236187459584 0.8545412357116262 0.024003081810216043 0.8475155136060795 0.1318591456819291 1 0.1417919541708884 1 0.033478236187459584
5 0.8233847048709022 0.16261965055501448 0.23986481241018737 0.12460928321615389 0.23612642969826786 0.18199943308208416 0.8196463221589825 0.22000980042094476 0.8233847048709022 0.16261965055501448
6 0.797495995582265 0.2246586108105815 0.2357312956492345 0.1880653722966145 0.23337619620595 0.22421991302042102 0.7951408961389806 0.26081315153438805 0.797495995582265 0.2246586108105815
9 0.5810627454580266 0.2610417070497127 0.4702769398145507 0.25382514215989854 0.46797649325245205 0.28914067380315794 0.5787622988959279 0.2963572386929721 0.5810627454580266 0.2610417070497127
7 0.7991728678127247 0.33311545637107765 0.2460993808745245 0.29708836170725555 0.21998284199612725 0.6980189768183606 0.7730563289343275 0.7340460714821826 0.7991728678127247 0.33311545637107765
8 0.7307087804066142 0.7357618935385227 0.25914257533555557 0.7050441666693396 0.2564137004404828 0.7469367580014856 0.7279799055115416 0.7776544848706689 0.7307087804066142 0.7357618935385227
1 0.7180856270880689 0.7953479586508269 0.2552106350118403 0.7651963756317886 0.2513692284779153 0.8241681058334629 0.7142442205541437 0.8543196888525012 0.7180856270880689 0.7953479586508269
2 0.3313478250401745 0.89753883485973 0.03349723970328386 0.8781369081953153 0.03194874140301808 0.9019088321441505 0.3297993267399087 0.9213107588085651 0.3313478250401745 0.89753883485973
10 0.3353817765370495 0.9251124680084002 0.03173252253017057 0.9053328172439671 0.030077231243679583 0.9307441842237564 0.3337264852505585 0.9505238349881894 0.3353817765370495 0.9251124680084002
0 0.9624146540444436 0.9791068348483951 0.9679916144876858 0.8934915781189128 0.6246072210700677 0.8711235884395991 0.6173559773053751 0.982441770241386 0.6669545928125956 0.9856726139868806 0.9624146540444436 0.9791068348483951