4 0.4566276044064561 0.9718392159544604 0.9363878315559494 0.9921518460345177 0.9391597621900344 0.9266821325897341 0.45939953504054104 0.9063695025096767 0.4566276044064561 0.9718392159544604
3 0.014438159759520687 0.9631362044197344 0.14761502047931177 0.9687747966871619 0.15199812046750513 0.865251174307059 0.01882125974771403 0.8596125820396315 0.014438159759520687 0.9631362044197344
5 0.21203931999258432 0.8322967524980316 0.7628806744977769 0.8556188955888452 0.7647513802648378 0.8114350444480647 0.2139100257596452 0.788112901357251 0.21203931999258432 0.8322967524980316
6 0.21962818807009754 0.774637034438361 0.7550543583294757 0.7973065120569623 0.7565331028051643 0.762380321664272 0.22110693254578603 0.7397108440456707 0.21962818807009754 0.774637034438361
9 0.44142621383995145 0.7316606199993873 0.5339852874993428 0.7355794905463827 0.5354125334112014 0.7018696351424926 0.44285345975180995 0.697950764595497 0.44142621383995145 0.7316606199993873
7 0.21484175256325208 0.6651113074235516 0.7614962669029152 0.6882561833490729 0.7779582324217946 0.29944408538157913 0.2313037180821316 0.2762992094560576 0.21484175256325208 0.6651113074235516
8 0.2816334428390269 0.2564146476465223 0.7275047331941505 0.27529244966465277 0.729125711798512 0.2370068578743238 0.2832544214433886 0.21812905585619327 0.2816334428390269 0.2564146476465223
1 0.28380676684182793 0.2062090566750988 0.7292838417268206 0.22507016795364015 0.7321366986754954 0.15768907095502793 0.2866596237905028 0.13882795967648656 0.28380676684182793 0.2062090566750988
2 0.6798190232587797 0.08879411602973088 0.9738357957920407 0.1012425300495524 0.9746605902508411 0.08176186332416562 0.68064381771758 0.06931344930434412 0.6798190232587797 0.08879411602973088
10 0.667969870914036 0.066475205250417 0.9750501285092263 0.07947671584765995 0.9759877293459399 0.05733169628966324 0.6689074717507496 0.044330185692420296 0.667969870914036 0.066475205250417
0 0.025317046906764205 0.00018753368079084596 0.020841219260094784 0.10590127335826931 0.36243572094710386 0.12036408698368402 0.3674032887628911 0.0030360278259286 0.3583993814217941 0.00265481023275403 0.025317046906764205 0.00018753368079084596