4 0.5404489795918368 0.10028019323671497 0.5404489795918368 0.0319903381642512 0.03835374149659864 0.0319903381642512 0.03835374149659864 0.10028019323671497 0.5404489795918368 0.10028019323671497
3 0.9704761904761907 0.12195169082125602 0.9704761904761907 0.01389371980676328 0.8124081632653062 0.01389371980676328 0.8124081632653062 0.12195169082125602 0.9704761904761907 0.12195169082125602
5 0.7903333333333334 0.21170531400966183 0.7903333333333334 0.15420772946859904 0.20572108843537418 0.15420772946859904 0.20572108843537418 0.21170531400966183 0.7903333333333334 0.21170531400966183
6 0.7685374149659865 0.2540048309178744 0.7685374149659865 0.21778260869565216 0.20572108843537418 0.21778260869565216 0.20572108843537418 0.2540048309178744 0.7685374149659865 0.2540048309178744
9 0.5549795918367347 0.30352657004830913 0.5549795918367347 0.2681449275362318 0.4439863945578231 0.2681449275362318 0.4439863945578231 0.30352657004830913 0.5549795918367347 0.30352657004830913
7 0.7772585034013605 0.7275555555555555 0.7772585034013605 0.32587439613526564 0.22314965986394558 0.32587439613526564 0.22314965986394558 0.7275555555555555 0.7772585034013605 0.7275555555555555
8 0.7351224489795919 0.7739903381642512 0.7351224489795919 0.7320193236714976 0.2626734693877551 0.7320193236714976 0.2626734693877551 0.7739903381642512 0.7351224489795919 0.7739903381642512
1 0.7264013605442178 0.8513671497584541 0.7264013605442178 0.7922850241545893 0.2626598639455783 0.7922850241545893 0.2626598639455783 0.8513671497584541 0.7264013605442178 0.8513671497584541
2 0.3472176870748299 0.9431835748792271 0.3472176870748299 0.919367149758454 0.048809523809523796 0.919367149758454 0.048809523809523796 0.9431835748792271 0.3472176870748299 0.9431835748792271
10 0.35303401360544223 0.9720724637681158 0.35303401360544223 0.9466135265700483 0.04881632653061226 0.9466135265700483 0.04881632653061226 0.9720724637681158 0.35303401360544223 0.9720724637681158
0 0.982095238095238 0.9854830917874395 0.982095238095238 0.8739565217391303 0.6380680272108843 0.8739565217391303 0.6380680272108843 0.9854830917874395 0.982095238095238 0.9854830917874395