4 0.5198299319727893 0.09614492753623187 0.5198299319727893 0.0306183574879227 0.03965306122448981 0.0306183574879227 0.03965306122448981 0.09614492753623187 0.5198299319727893 0.09614492753623187
3 0.9619795918367348 0.1242222222222222 0.9619795918367348 0.020608695652173915 0.8286870748299321 0.020608695652173915 0.8286870748299321 0.1242222222222222 0.9619795918367348 0.1242222222222222
5 0.7700952380952382 0.20390821256038644 0.7700952380952382 0.15968599033816425 0.21877551020408165 0.15968599033816425 0.21877551020408165 0.20390821256038644 0.7700952380952382 0.20390821256038644
6 0.7649523809523809 0.2525700483091787 0.7649523809523809 0.2176135265700483 0.22906122448979596 0.2176135265700483 0.22906122448979596 0.2525700483091787 0.7649523809523809 0.2525700483091787
9 0.5451768707482993 0.303671497584541 0.5451768707482993 0.26993236714975843 0.45253741496598643 0.26993236714975843 0.45253741496598643 0.303671497584541 0.5451768707482993 0.303671497584541
7 0.7743673469387756 0.7159855072463768 0.7743673469387756 0.32683574879227045 0.22723809523809524 0.32683574879227045 0.22723809523809524 0.7159855072463768 0.7743673469387756 0.7159855072463768
8 0.7249251700680271 0.7762995169082125 0.7249251700680271 0.7379806763285024 0.2786666666666667 0.7379806763285024 0.2786666666666667 0.7762995169082125 0.7249251700680271 0.7762995169082125
1 0.7248775510204082 0.855671497584541 0.7248775510204082 0.788231884057971 0.2790136054421769 0.788231884057971 0.2790136054421769 0.855671497584541 0.7248775510204082 0.855671497584541
2 0.33419727891156464 0.9417874396135265 0.33419727891156464 0.9222898550724636 0.03992517006802723 0.9222898550724636 0.03992517006802723 0.9417874396135265 0.33419727891156464 0.9417874396135265
10 0.3469795918367348 0.9662512077294686 0.3469795918367348 0.944086956521739 0.03963265306122451 0.944086956521739 0.03963265306122451 0.9662512077294686 0.3469795918367348 0.9662512077294686
0 0.991843537414966 0.9947536231884057 0.991843537414966 0.8773236714975845 0.6499523809523811 0.8773236714975845 0.6499523809523811 0.9947536231884057 0.991843537414966 0.9947536231884057