4 0.9631318909957971 0.11452680447380238 0.962120189439168 0.04623694940133861 0.46002495134392984 0.038798501429557306 0.46103665290055895 0.10708835650202107 0.9631318909957971 0.11452680447380238
3 0.18939852845056424 0.12473082914325151 0.1877976696207199 0.016672858128758742 0.029729642409835447 0.01433110957748638 0.03133050123967979 0.12238908059197914 0.18939852845056424 0.12473082914325151
5 0.7974152865869912 0.22347240899580442 0.7965634705197162 0.16597482445474163 0.21195122562175694 0.15731390230810519 0.21280304168903197 0.21481148684916798 0.7974152865869912 0.22347240899580442
6 0.7980419460967425 0.265771925904017 0.7975053205823392 0.22954970368179475 0.23468899405172686 0.22121168402948937 0.23522561956613014 0.2574339062517116 0.7980419460967425 0.265771925904017
9 0.5605102953688185 0.3117638086474525 0.5599861228871581 0.2763821661353752 0.44899292560824644 0.2747378224719839 0.4495170980899068 0.3101194649840612 0.5605102953688185 0.3117638086474525
7 0.7876289409590996 0.739064449483497 0.781678108967688 0.33738329006320716 0.22756926543027303 0.3291742701589492 0.2335200974216847 0.730855429579239 0.7876289409590996 0.739064449483497
8 0.7487930541406042 0.7849136941733215 0.748171261333304 0.7429426796805678 0.2757222817414673 0.7359434355384665 0.27634407454876736 0.7779144500312202 0.7487930541406042 0.7849136941733215
1 0.74995298271751 0.8622907073296306 0.7490776919678231 0.8032085817257659 0.2853361953691836 0.796338337331712 0.2862114861188705 0.8554204629355767 0.74995298271751 0.8622907073296306
2 0.9651635661886869 0.9572752856376044 0.9648107302609717 0.9334588605168315 0.6664025669956657 0.9290379988388269 0.6667554029233808 0.9528544239596 0.9651635661886869 0.9572752856376044
10 0.9655847470066932 0.9861640737454401 0.9652075775667219 0.9607051365473726 0.6609898904918919 0.9561982078499677 0.6613670599318632 0.9816571450480353 0.9655847470066932 0.9861640737454401
0 0.3765317222970777 0.9908450469398709 0.37487947681488054 0.8793184768915616 0.03085226593052682 0.8742217774710527 0.032504511412723994 0.9857483475193619 0.3765317222970777 0.9908450469398709