4 1 0.9408678657645311 1 0.9330441751910805 0.9947274317643844 0.8727003323661059 0.4945428176367954 0.9090506733408389 0.500494670677766 0.9771688404980879 1 0.9408678657645311
3 0.22984491156112644 1 0.22172972529549123 0.9071227715554256 0.06426319465018639 0.9185664703806057 0.07137848299585313 1 0.22984491156112644 1
5 0.8232968736354535 0.831025320152626 0.8182856289485807 0.7736722906177097 0.2358980101417206 0.8159966403181025 0.24090925482859318 0.873349669853019 0.8232968736354535 0.831025320152626
6 0.8177559578163269 0.7676102748930478 0.8145989831345785 0.7314791191668838 0.2539243426453097 0.7722255031659565 0.2570813173270582 0.8083566588921204 0.8177559578163269 0.7676102748930478
9 0.5760079578128914 0.7346243377546536 0.5729242444801191 0.6993316484323779 0.4623534098266162 0.7073672565418476 0.4654371231593884 0.7426599458641234 0.5760079578128914 0.7346243377546536
7 0.7909728873446492 0.6610520231971228 0.7559640675476333 0.2603807326771067 0.20396377544991198 0.3004967183935045 0.23897259524692785 0.7011680089135206 0.7909728873446492 0.6610520231971228
8 0.716201615026028 0.2587896041510684 0.7125436000840394 0.2169241092259 0.24189243149579623 0.25112814104758874 0.2455504464377849 0.2929936359727571 0.716201615026028 0.2587896041510684
1 0.7109626668075781 0.19867443301292814 0.7058133202674627 0.13974084611895835 0.2438365000707669 0.17331447965797228 0.24898584661088213 0.2322480665519421 0.7109626668075781 0.19867443301292814
2 0.9129233047892759 0.056429617484312335 0.9108475665682809 0.03267306937415116 0.6135749364560871 0.05427701552087832 0.6156506746770819 0.07803356363103948 0.9129233047892759 0.056429617484312335
10 0.6074818028167186 0.05127677344410055 0.910541849746398 0.02925223344315137 0.9091627900412895 0.013469078370982067 0.7986020709284375 0.011831141791532407 0.605262910235655 0.02588184270565252 0.6074818028167186 0.05127677344410055
0 0.3298649049090255 0.14438680466805 0.32014472386036635 0.033140624207364335 0 0.05640677343485242 0 0.16835935686251294 0.3298649049090255 0.14438680466805