4 0.9558410946848118 0.08111132227672872 0.9527562660545748 0.015603203326370536 0.47290083203348166 0.02753976921782383 0.4759856606637186 0.09304788816818202 0.9558410946848118 0.08111132227672872
3 0.1686570803451565 0.12879505942372896 0.16377921213066796 0.025210708550293278 0.030575922891877022 0.028524185331484157 0.03545379110636558 0.13210853620491983 0.1686570803451565 0.12879505942372896
5 0.7819117811987758 0.19329701176123507 0.7798299085003692 0.14908724171762114 0.22887924130283038 0.16279232553179035 0.23096111400123714 0.20700209557540425 0.7819117811987758 0.19329701176123507
6 0.7739238310135794 0.2422008345547051 0.7722781645458416 0.20725415594037372 0.23674574068777313 0.22057570574720686 0.23839140715551088 0.2555223843615383 0.7739238310135794 0.2422008345547051
9 0.5530029681157654 0.2988432189571303 0.5514146134155609 0.2651135888517558 0.4588371717061674 0.26741648396282336 0.460425526406372 0.3011461140681979 0.5530029681157654 0.2988432189571303
7 0.797562191918498 0.7054404834763711 0.7792419850856971 0.31640030256165935 0.2324789889186317 0.33000121664544096 0.2507991957514325 0.7190413975601528 0.797562191918498 0.7054404834763711
8 0.749007481650627 0.7670159564941811 0.7472035255392262 0.7287079058074928 0.3012437534628413 0.7398013056669456 0.3030477095742421 0.7781093563536338 0.749007481650627 0.7670159564941811
1 0.7523974113926087 0.8463742118970993 0.7492225214133911 0.7789535881469519 0.30365704303792745 0.7900371798175045 0.30683193301714506 0.8574578035676519 0.7523974113926087 0.8463742118970993
2 0.9953799230863616 0.9265224809730023 0.9944620250952353 0.9070303865993923 0.7003869058805973 0.9143456044518344 0.7013048038717236 0.9338376988254445 0.9953799230863616 0.9265224809730023
10 0.9968239378926617 0.9509720889456216 0.9957804998393198 0.928814078790487 0.6886393031562242 0.9364543197302749 0.689682741209566 0.9586123298854093 0.9968239378926617 0.9509720889456216
0 0.23338255285144893 0.9984907190872457 0.3882545892016423 0.9946382249076 0.3827262779111822 0.8772413393690196 0.04106398789571047 0.8857403041576839 0.04643870311480934 0.9998754883445542 0.23338255285144893 0.9984907190872457