4 0.39282203237888136 0.9856259205556589 0.6566048362337662 1 0.9358037573647553 1 0.9368058438071472 0.9426276204773535 0.3940896016672309 0.9130538716724653 0.39282203237888136 0.9856259205556589
3 0.03685931145127245 0.9801229800201684 0.17425686021230177 0.9876100612570305 0.17588793723395962 0.8942261315294989 0.03849038847293032 0.8867390502926368 0.03685931145127245 0.9801229800201684
5 0.14280767386445664 0.8052907872069626 0.8470753941402398 0.843667815631068 0.8479582706932474 0.7931205509161656 0.14369055041746415 0.7547435224920602 0.14280767386445664 0.8052907872069626
6 0.2874086397033889 0.755753175018595 0.6966533654722243 0.7780537803439329 0.6973825666930191 0.7363048778361189 0.2881378409241837 0.7140042725107807 0.2874086397033889 0.755753175018595
9 0.44669750869916736 0.7060861234845066 0.5370913478781161 0.7110118737860769 0.5377312694474831 0.674374492429208 0.4473374302685344 0.6694487421276378 0.44669750869916736 0.7060861234845066
7 0.23910559903740006 0.640738799200813 0.7593116831491349 0.6690859221791754 0.7657371278929425 0.30121041878083 0.2455310437812076 0.27286329580246754 0.23910559903740006 0.640738799200813
8 0.3416503466448213 0.26801279696455566 0.6516846414662774 0.28490721737069225 0.6522324250902914 0.25354500285133363 0.3421981302688355 0.23665058244519702 0.3416503466448213 0.26801279696455566
1 0.3413847024064205 0.23495378957276145 0.6518808833913999 0.2518733791268171 0.6526840639843757 0.2058889412020239 0.3421878829993965 0.18896935164796821 0.3413847024064205 0.23495378957276145
2 0.6332881364744591 0.11783899809827696 0.9270613213624612 0.13384731644385162 0.9275112504532721 0.1080875601351334 0.63373806556527 0.09207924178955874 0.6332881364744591 0.11783899809827696
10 0.5854156332581368 0.08327459070657889 0.926572904568768 0.1018649675210259 0.9270593189408591 0.07401632215438854 0.585902047630228 0.05542594533994153 0.5854156332581368 0.08327459070657889
0 0.015778812682087282 0.0005844004697069363 0.01395330446206673 0.10510008493576388 0.3121008230163782 0.12134676991751306 0.3139978895080147 0.012734165122570399 0.2507146153492977 0.009285726494418434 0.015778812682087282 0.0005844004697069363