4 0.9806460544119233 0.9331727898899655 0.9779758687613186 0.8701224900747837 0.4079817447686697 0.8984788158807697 0.4106519304192745 0.9615291156959516 0.9806460544119233 0.9331727898899655
3 0.20901027775912237 0.9001805029338305 0.060810176500959316 0.9075532286846153 0.0646893660636253 0.9991513783902782 0.21310858338849273 0.9969525751706506 0.20901027775912237 0.9001805029338305
5 0.8660787847984565 0.7702393178076545 0.8644600458784012 0.7320165170039453 0.15544263371273365 0.7672890363075763 0.15706137263278894 0.8055118371112852 0.8660787847984565 0.7702393178076545
6 0.7150979866604068 0.7235162573065922 0.7140229027552946 0.6981306207204432 0.31354189265938315 0.7180539313711622 0.31461697656449544 0.7434395679573114 0.7150979866604068 0.7235162573065922
9 0.5602059525651846 0.6783957017980008 0.5590200184621229 0.6503925924478513 0.46608442322411026 0.6550159945262494 0.46727035732717187 0.6830191038763987 0.5602059525651846 0.6783957017980008
7 0.7711018952022388 0.6151983020733345 0.7556207684761209 0.24964705984511296 0.23122563139619276 0.275734906600363 0.24670675812231072 0.6412861488285844 0.7711018952022388 0.6151983020733345
8 0.6404887390256735 0.23623749990822074 0.6395342862183298 0.21370028956524825 0.34563191448257563 0.22832147784998671 0.34658636728991943 0.2508586881929592 0.6404887390256735 0.23623749990822074
1 0.6403388882424034 0.20908932059913712 0.6386451624237353 0.169095876455075 0.34624963425669575 0.18364210160357303 0.3479433600753638 0.22363554574763514 0.6403388882424034 0.20908932059913712
2 0.9072658864517013 0.06294905378162137 0.906394163755327 0.04236532495001663 0.6117315826515727 0.057024332474660225 0.6126033053479469 0.07760806130626498 0.9072658864517013 0.06294905378162137
10 0.9039277819304997 0.03166820064683641 0.9028001256888599 0.005041189110113625 0.55609035321167 0.02228946388111693 0.5572180094533098 0.04891647541783972 0.9039277819304997 0.03166820064683641
0 0.30278347704715924 0.11517186120234456 0.2982585882683641 0.008327007898320919 0.00017152872538634556 0.023156377927156652 0.0009643473773773415 0.1301868959459411 0.30278347704715924 0.11517186120234456