4 0.0494222647293352 0.9635403600383495 0.619911395164118 0.9593145146277215 0.6194438293323903 0.8961931273444845 0.048954698897607514 0.9004189727551124 0.0494222647293352 0.9635403600383495
3 0.8189206101128145 0.9864161212686047 0.9672494144606406 0.9853173893845466 0.9665095300675771 0.8854329963209628 0.818180725719751 0.8865317282050208 0.8189206101128145 0.9864161212686047
5 0.15570831946810268 0.7942756040392617 0.8653414716420158 0.7890190621713067 0.8650580205608769 0.7507531662175495 0.15542486838696373 0.7560097080855045 0.15570831946810268 0.7942756040392617
6 0.3041249126393505 0.7389921314330792 0.7049537169871767 0.7360230291786508 0.704765463222815 0.7106087709898262 0.30393665887498883 0.7135778732442546 0.3041249126393505 0.7389921314330792
9 0.4565261094899457 0.6850857714808299 0.5495424138377719 0.6843967618189942 0.5493347495260613 0.6563620797380693 0.4563184451782351 0.657051089399905 0.4565261094899457 0.6850857714808299
7 0.2428276548911104 0.6340116912982976 0.7676781983693713 0.6301239094947548 0.7649673584350246 0.2641605183579534 0.24011681495676374 0.26804830016149606 0.2428276548911104 0.6340116912982976
8 0.35439775080748004 0.2480822285750188 0.6485553595031323 0.24590328332542136 0.6483882289814739 0.22334066290152924 0.35423062028582164 0.22551960815112668 0.35439775080748004 0.2480822285750188
1 0.35319815324822607 0.2209605315056825 0.6458476097699652 0.2187927577536696 0.6455510280244432 0.1787542221081976 0.352901571502704 0.18092199586021052 0.35319815324822607 0.2209605315056825
2 0.07943642646269458 0.09024989935587764 0.3743549047235642 0.08806531803542675 0.3742022607501109 0.06745838161924167 0.07928378248924135 0.06964296293969255 0.07943642646269458 0.09024989935587764
10 0.08121458354664461 0.05881881905466661 0.428225453111862 0.056248368168998336 0.4280279936099709 0.029591335413699665 0.0810171240447535 0.03216178629936794 0.08121458354664461 0.05881881905466661
0 0.6847523034705352 0.0009251996011466407 0.6855446391588246 0.10789051752022193 0.993547356550129 0.10560901590991596 0.9927650675433889 0 0.8096542496253316 0 0.6847523034705352 0.0009251996011466407