4 0.6189456766077462 0.9179920415514786 0.07614676356426797 0.9019091107946348 0.07776076484878951 0.9745391685981031 0.6205596778922677 0.9906220993549468 0.6189456766077462 0.9179920415514786
3 0.9745659905475974 0.9215970907449292 0.8371475122867276 0.9175254321297925 0.838980280461621 1 0.9763082774199323 1 0.9745659905475974 0.9215970907449292
5 0.8686933321232769 0.7808436653542208 0.1643183321232769 0.7599732949838504 0.16544250253646467 0.8105609635772992 0.8698175025364647 0.8314313339476697 0.8686933321232769 0.7808436653542208
6 0.7239923397024194 0.7279851477199742 0.3146852744850279 0.7158575309727924 0.31561376945398534 0.7576398045758752 0.7249208346713767 0.7697674213230571 0.7239923397024194 0.7279851477199742
9 0.5645147795602841 0.6700723869760687 0.47410717086463194 0.667393643014716 0.47492198567944677 0.7040603096813827 0.5653295943750989 0.7067390536427354 0.5645147795602841 0.6700723869760687
7 0.7645140253111242 0.2907222722534044 0.24422869922416762 0.27530641073971684 0.25241024493172487 0.643475967579794 0.7726955710186815 0.6588918290934815 0.7645140253111242 0.2907222722534044
8 0.6676345006888015 0.24640508735677114 0.357552978949671 0.23721748671264878 0.3582504741327153 0.268604769949643 0.6683319958718458 0.2777923705937653 0.6676345006888015 0.24640508735677114
1 0.6674174828730465 0.19875663669449786 0.3568740046121769 0.18955534844973135 0.35789669782562156 0.23557654305474104 0.6684401760864911 0.24477783129950753 0.6674174828730465 0.19875663669449786
2 0.3752853438305735 0.07741499934843103 0.08146740904796479 0.06870928276227967 0.08204030564398278 0.09448962958308894 0.3758582404265915 0.10319534616924031 0.3752853438305735 0.07741499934843103
10 0.42296636770126494 0.04480875871473383 0.08175712857083023 0.03469885533309132 0.08237648202833396 0.06256976092075997 0.42358572115876875 0.07267966430240248 0.42296636770126494 0.04480875871473383
0 0.9929720142437612 0.03384526053447259 0.6947790794611526 0.02500991431869159 0.697194622171493 0.1337093362840095 0.9953875569541017 0.14254468249979052 0.9929720142437612 0.03384526053447259