4 0.6131257961095185 0.9174727837771208 0.07086034122153417 0.9258045718648856 0.07412424163137397 0.9984758765326989 0.6163896965193582 0.9901440884449342 0.6131257961095185 0.9174727837771208
3 0.9724387938598211 0.9985830549542214 0.9682388869920858 0.9050714053213182 0.8309554624429724 0.907180734600909 0.8351242721232437 1 0.8802184515147241 1 0.9724387938598211 0.9985830549542214
5 0.8593390508212726 0.7688642105505833 0.15565630458090032 0.7796761394128088 0.15792964866527073 0.8302925369205268 0.861612394905643 0.8194806080583015 0.8593390508212726 0.7688642105505833
6 0.7136751169505822 0.7224380606559393 0.3047703152359257 0.7287207919736843 0.3066479563126567 0.7705267938763645 0.7155527580273132 0.7642440625586195 0.7136751169505822 0.7224380606559393
9 0.5531440988817569 0.6716150666806802 0.4628253420150574 0.6730027942885897 0.46447309436415546 0.7096902840837478 0.554791851230855 0.7083025564758382 0.5531440988817569 0.6716150666806802
7 0.744180486395833 0.2826648281809704 0.22440649230257695 0.2906510399768346 0.24095155372483953 0.6590296815984225 0.7607255478180954 0.6510434698025582 0.744180486395833 0.2826648281809704
8 0.6464531254077568 0.24264020900564665 0.33667634915109657 0.2473998602631928 0.3380868528697938 0.27880496844832814 0.647863629126454 0.274045317190782 0.6464531254077568 0.24264020900564665
1 0.6451523077084476 0.19492679426961174 0.33491402893698907 0.1996935364106368 0.33698216161477185 0.24574086661333527 0.6472204403862304 0.24097412447231026 0.6451523077084476 0.19492679426961174
2 0.35074329827928147 0.08654831290608174 0.057214125264196176 0.09105832335408956 0.058372660546956646 0.11685331092420072 0.351901833562042 0.11234330047619291 0.35074329827928147 0.08654831290608174
10 0.3976034168791362 0.0517440548538775 0.05672951528709753 0.056981506524666915 0.0579819975640131 0.08486824009728718 0.3988558991560518 0.07963078842649776 0.3976034168791362 0.0517440548538775
0 0.6687439861686861 0.024768295784025417 0.6734000666634286 0.12843672977521423 0.9712999399657213 0.12385956448955283 0.9673461448319521 0.03582763499377601 0.6687439861686861 0.024768295784025417