4 0.6044060718216522 0.10154203950039503 0.6067494780862072 0.028923043606521957 0.06417357886842659 0.01944989636237148 0.06183017260387153 0.09206889225624455 0.6044060718216522 0.10154203950039503
3 0.9598105519766874 0.11468651965080502 0.962825989590754 0.02124217966321206 0.8254639709502373 0.018843896528610356 0.8224485333361706 0.11228823651620333 0.9598105519766874 0.11468651965080502
5 0.8525971777344524 0.25057834974562365 0.8542293870851859 0.19999838589912836 0.150143785902503 0.18770534711486675 0.1485115765517697 0.23828531096136205 0.8525971777344524 0.25057834974562365
6 0.7074670850109972 0.29666749937530007 0.7088151886015761 0.254891589414864 0.29967629088103426 0.2477481961550384 0.29832818729045524 0.2895241061154745 0.7074670850109972 0.29666749937530007
9 0.5475200614226468 0.3471193108452708 0.5487031101350618 0.31045822868953654 0.4583326462202905 0.30888039835755704 0.45714959750787554 0.3455414805132914 0.5475200614226468 0.3471193108452708
7 0.7435618384919807 0.7362304465597994 0.7554408163148002 0.3681169637264983 0.2353692541434239 0.3590367327522742 0.22349027632060448 0.7271502155855752 0.7435618384919807 0.7362304465597994
8 0.6463052264366523 0.7760234223795747 0.6473179360280995 0.7446409195778452 0.33736381407695576 0.7392292508317625 0.33635110448550853 0.770611753633492 0.6463052264366523 0.7760234223795747
1 0.6456090907243324 0.8237042736483057 0.6470939629521847 0.7776900882941431 0.33667807427830254 0.7722703572950865 0.33519320205045006 0.8182845426492493 0.6456090907243324 0.8237042736483057
2 0.3524635264581884 0.9313925384165623 0.35329532844306033 0.9056161180674438 0.059598111407152835 0.9004882880510544 0.05876630942228093 0.9262647084001729 0.3524635264581884 0.9313925384165623
10 0.3997827800660947 0.966274130498215 0.4006820338561674 0.9384074697844632 0.0596129836169653 0.9324525474630027 0.05871372982689264 0.9603192081767544 0.3997827800660947 0.966274130498215
0 0.7344705698358912 1 0.9694063725030979 1 0.9727812628843275 0.8954167041183867 0.674710843356602 0.8902125198238343 0.671203660323975 0.9988953863406893 0.7344705698358912 1