4 0.5989402173913043 0.0997543352601156 0.5989402173913043 0.027124277456647392 0.05614130434782608 0.027124277456647392 0.05614130434782608 0.0997543352601156 0.5989402173913043 0.0997543352601156
3 0.9547146739130438 0.10669075144508672 0.9547146739130438 0.01323217726396917 0.8172961956521739 0.01323217726396917 0.8172961956521739 0.10669075144508672 0.9547146739130438 0.10669075144508672
5 0.8519021739130436 0.24439788053949907 0.8519021739130436 0.1938102119460501 0.14752717391304354 0.1938102119460501 0.14752717391304354 0.24439788053949907 0.8519021739130436 0.24439788053949907
6 0.7082812500000002 0.2930009633911368 0.7082812500000002 0.25121868978805395 0.2989741847826088 0.25121868978805395 0.2989741847826088 0.2930009633911368 0.7082812500000002 0.2930009633911368
9 0.5499864130434783 0.346223506743738 0.5499864130434783 0.30955684007707135 0.4595788043478261 0.30955684007707135 0.4595788043478261 0.346223506743738 0.5499864130434783 0.346223506743738
7 0.7585529891304348 0.7317533718689788 0.7585529891304348 0.36358381502890175 0.23826766304347824 0.36358381502890175 0.23826766304347824 0.7317533718689788 0.7585529891304348 0.7317533718689788
8 0.6625951086956522 0.7732273603082852 0.6625951086956522 0.741840077071291 0.3525135869565218 0.741840077071291 0.3525135869565218 0.7732273603082852 0.6625951086956522 0.7732273603082852
1 0.6634375 0.8209007707129096 0.6634375 0.7748795761078999 0.3528940217391305 0.7748795761078999 0.3528940217391305 0.8209007707129096 0.6634375 0.8209007707129096
2 0.3738111413043479 0.9336608863198459 0.3738111413043479 0.9078805394990367 0.07999320652173914 0.9078805394990367 0.07999320652173914 0.9336608863198459 0.3738111413043479 0.9336608863198459
10 0.4222486413043478 0.9677023121387284 0.4222486413043478 0.9398314065510597 0.08103940217391307 0.9398314065510597 0.08103940217391307 0.9677023121387284 0.4222486413043478 0.9677023121387284
0 0.992873641304348 0.995573217726397 0.992873641304348 0.886873795761079 0.6946807065217392 0.886873795761079 0.6946807065217392 0.995573217726397 0.992873641304348 0.995573217726397