4 0.6127717391304349 0.09926782273603083 0.6127717391304349 0.03614643545279384 0.04228260869565218 0.03614643545279384 0.04228260869565218 0.09926782273603083 0.6127717391304349 0.09926782273603083
3 0.959898097826087 0.10745664739884395 0.959898097826087 0.007572254335260115 0.8115692934782609 0.007572254335260115 0.8115692934782609 0.10745664739884395 0.959898097826087 0.10745664739884395
5 0.8594497282608697 0.24288053949903662 0.8594497282608697 0.2046146435452794 0.14981657608695662 0.2046146435452794 0.14981657608695662 0.24288053949903662 0.8594497282608697 0.24288053949903662
6 0.6994633152173914 0.28421001926782274 0.6994633152173914 0.2587957610789981 0.2986345108695653 0.2587957610789981 0.2986345108695653 0.28421001926782274 0.6994633152173914 0.28421001926782274
9 0.5444429347826089 0.3396050096339114 0.5444429347826089 0.31157032755298647 0.45142663043478265 0.31157032755298647 0.45142663043478265 0.3396050096339114 0.5444429347826089 0.3396050096339114
7 0.7629687500000001 0.7301878612716762 0.7629687500000001 0.36422447013487474 0.23811820652173912 0.36422447013487474 0.23811820652173912 0.7301878612716762 0.7629687500000001 0.7301878612716762
8 0.6466983695652175 0.7718689788053951 0.6466983695652175 0.749306358381503 0.35254076086956526 0.749306358381503 0.35254076086956526 0.7718689788053951 0.6466983695652175 0.7718689788053951
1 0.6441915760869565 0.8164739884393064 0.6441915760869565 0.7764354527938344 0.3515421195652174 0.7764354527938344 0.3515421195652174 0.8164739884393064 0.6441915760869565 0.8164739884393064
2 0.37368206521739133 0.9297736030828517 0.37368206521739133 0.9091666666666667 0.07876358695652173 0.9091666666666667 0.07876358695652173 0.9297736030828517 0.37368206521739133 0.9297736030828517
10 0.4277853260869566 0.9672398843930636 0.4277853260869566 0.9405828516377649 0.08077445652173915 0.9405828516377649 0.08077445652173915 0.9672398843930636 0.4277853260869566 0.9672398843930636
0 0.9927105978260871 0.9940028901734105 0.9927105978260871 0.8870375722543352 0.6847078804347826 0.8870375722543352 0.6847078804347826 0.9940028901734105 0.9927105978260871 0.9940028901734105