4 0.5881234637705233 0.8585893193288158 0.09088224362197508 0.8956696427457901 0.09355893866522076 0.9667887405787005 0.5908001588137689 0.9297084171617261 0.5881234637705233 0.8585893193288158
3 0.9316218280744858 0.8217839449286536 0.7965157128353836 0.8318590920517749 0.8002006495941375 0.9297669125617021 0.9353067648332398 0.9196917654385808 0.9316218280744858 0.8217839449286536
5 0.7052178340491692 0.7658960212230075 0.2866611027646853 0.7971086768426354 0.2881776974636671 0.8374042073484103 0.706734428748151 0.8061915517287821 0.7052178340491692 0.7658960212230075
6 0.7618410644964648 0.712893954871256 0.24528298878792362 0.7514147768280529 0.24692505356705757 0.7950440150447453 0.7634831292755989 0.7565231930879485 0.7618410644964648 0.712893954871256
9 0.5576955697934479 0.6793246945869522 0.4475559309972325 0.687538039060631 0.44884349301022225 0.7217482300940957 0.5589831318064378 0.7135348856204169 0.5576955697934479 0.6793246945869522
7 0.7907336718221574 0.23086372099178068 0.16951776767902038 0.2771890972960906 0.1853996907611354 0.6991677027042326 0.8066155949042725 0.6528423263999227 0.7907336718221574 0.23086372099178068
8 0.7174202531146276 0.17848390525715435 0.2496763934833661 0.21336454847142683 0.25090271414771026 0.24594757264599137 0.7186465737789718 0.21106692943171887 0.7174202531146276 0.17848390525715435
1 0.7149815529059563 0.11368826887590544 0.24417981266481167 0.14879694467756294 0.24624558791303086 0.2036840609180288 0.7170473281541755 0.16857538511637127 0.7149815529059563 0.11368826887590544
1 0.40170914898448945 0.06208276096976904 0.036870430121183406 0.08928955144149314 0.037659597093568885 0.11025751462325681 0.4024983159568749 0.0830507241515327 0.40170914898448945 0.06208276096976904
10 0.4530304406849699 0.02892421511933553 0.03555515498203008 0.060056225067815196 0.03649867006888845 0.08512517789396201 0.4539739557718282 0.05399316794548234 0.4530304406849699 0.02892421511933553
0 0.6423710495874544 0 0.6456785686319648 0.08787992905815531 0.9719208676022342 0.0635513547808642 0.9695289981674847 0 0.6423710495874544 0