4 0.5996828358208955 0.129210875331565 0.5996828358208955 0.05423740053050398 0.08102611940298508 0.05423740053050398 0.08102611940298508 0.129210875331565 0.5996828358208955 0.129210875331565
3 0.9514832089552239 0.1405769230769231 0.9514832089552239 0.039078249336870034 0.7803824626865671 0.039078249336870034 0.7803824626865671 0.1405769230769231 0.9514832089552239 0.1405769230769231
5 0.6982929104477612 0.20689655172413793 0.6982929104477612 0.16037135278514592 0.27931902985074625 0.16037135278514592 0.27931902985074625 0.20689655172413793 0.6982929104477612 0.20689655172413793
6 0.7356156716417911 0.2561604774535809 0.7356156716417911 0.21344164456233425 0.2601305970149254 0.21344164456233425 0.2601305970149254 0.2561604774535809 0.7356156716417911 0.2561604774535809
9 0.5517070895522389 0.29973474801061006 0.5517070895522389 0.2649867374005305 0.44777052238805976 0.2649867374005305 0.44777052238805976 0.29973474801061006 0.5517070895522389 0.29973474801061006
7 0.808106343283582 0.7350066312997348 0.808106343283582 0.3016246684350133 0.1918936567164179 0.3016246684350133 0.1918936567164179 0.7350066312997348 0.808106343283582 0.7350066312997348
8 0.7298227611940299 0.7933620689655173 0.7298227611940299 0.7645424403183024 0.2720429104477612 0.7645424403183024 0.2720429104477612 0.7933620689655173 0.7298227611940299 0.7933620689655173
1 0.7239832089552238 0.8582161803713529 0.7239832089552238 0.8017838196286474 0.2785914179104477 0.8017838196286474 0.2785914179104477 0.8582161803713529 0.7239832089552238 0.8582161803713529
2 0.4339179104477612 0.9347082228116711 0.4339179104477612 0.9075464190981433 0.06712686567164179 0.9075464190981433 0.06712686567164179 0.9347082228116711 0.4339179104477612 0.9347082228116711
10 0.4783582089552238 0.9696286472148542 0.4783582089552238 0.936816976127321 0.06432835820895523 0.936816976127321 0.06432835820895523 0.9696286472148542 0.4783582089552238 0.9696286472148542
0 0.9953358208955224 0.9970623342175067 0.9953358208955224 0.8889058355437667 0.6884328358208955 0.8889058355437667 0.6884328358208955 0.9970623342175067 0.9953358208955224 0.9970623342175067