4 0.5934455224548176 0.03941251977723127 0.075136001680065 0.05998827698220193 0.07866556718920356 0.1349212559031476 0.5969750879639563 0.11434549869817695 0.5934455224548176 0.03941251977723127
3 0.9442967404877711 0.010305198108673178 0.7733105313142007 0.01709297758085975 0.7780888374952439 0.11853682822334997 0.9490750466688143 0.1117490487511634 0.9442967404877711 0.010305198108673178
5 0.6969861098112603 0.14157716091108746 0.2782926958530365 0.15819837600288705 0.2804829869915573 0.20469844500247622 0.6991764009497812 0.18807722991067666 0.6969861098112603 0.14157716091108746
6 0.7367823045562533 0.1931381471378763 0.2616155259064205 0.21200123160283613 0.263626622758523 0.2546969905103836 0.7387934014083557 0.23583390604542376 0.7367823045562533 0.1931381471378763
9 0.5554234486066038 0.25195128086429286 0.4515564579506272 0.2560745737919508 0.4531923082308223 0.2908038157471742 0.5570592988867988 0.28668052281951617 0.5554234486066038 0.25195128086429286
7 0.8133758883505867 0.2783977450459384 0.19757570267902874 0.3028436689568369 0.21797825214694327 0.7359915465792924 0.8337784378185011 0.7115456226683939 0.8133758883505867 0.2783977450459384
8 0.7569377325289383 0.7441710854250121 0.29946432564943787 0.7623317816314282 0.3008210823894623 0.7911358437568864 0.7582944892689626 0.7729751475504704 0.7569377325289383 0.7441710854250121
1 0.7528553212667347 0.7816240116244045 0.3077616813582575 0.7992932580903854 0.3104183771377346 0.8556951376779713 0.755512017046212 0.8380258912119906 0.7528553212667347 0.7816240116244045
2 0.4679632375379282 0.8988367361603158 0.10141772752240164 0.9133877932340468 0.10269643797043203 0.9405349258769083 0.46924194798595864 0.9259838688031773 0.4679632375379282 0.8988367361603158
10 0.5137517724551829 0.9263284811747438 0.09999907874894873 0.94275356045146 0.10154377096009483 0.9755475087710105 0.515296464666329 0.9591224294942943 0.5137517724551829 0.9263284811747438
0 1 0.859050685386052 0.721430234757696 0.8701092973245395 0.7265219748473873 0.9782073767691373 1 0.9673508958038178 1 0.859050685386052