4 0.9263929309871665 0.15028880233757802 0.9271461240526863 0.0753461310643787 0.40850135113658737 0.058611690322280856 0.40774815807106757 0.1335543615954802 0.9263929309871665 0.15028880233757802
3 0.2269385075512654 0.1390854723822984 0.2279581761397004 0.037628500287164045 0.056861369937774256 0.032107940717171955 0.055841701349339266 0.1335649128123063 0.2269385075512654 0.1390854723822984
5 0.7273241465929985 0.22154464707746815 0.7277915446601917 0.17503856343579413 0.30882731209267966 0.16152038589099937 0.3083599140254864 0.20802646953267345 0.7273241465929985 0.22154464707746815
6 0.7460172258972803 0.2714074463906345 0.7464463847269351 0.22870616491690823 0.27097225945572306 0.21336465568118498 0.2705431006260681 0.25606593715491127 0.7460172258972803 0.2714074463906345
9 0.5579438687858363 0.30890961846285936 0.5582929517208552 0.27417588438612445 0.45435877798288443 0.2708223746964041 0.4540096950478656 0.3055561087731389 0.5579438687858363 0.30890961846285936
7 0.8094420454745529 0.7522585244611423 0.8137958558057028 0.3190546204819572 0.19759735923570873 0.29917253978876474 0.1932435489045588 0.7323764437679499 0.8094420454745529 0.7522585244611423
8 0.7287083912504861 0.8080039734122751 0.7289979169061335 0.7791961855692429 0.27122860780389163 0.7644259347602912 0.27093908214824425 0.7932337226033236 0.7287083912504861 0.8080039734122751
1 0.7215085019317228 0.87262015155858 0.7220754286067249 0.8162109765599133 0.2766938939367238 0.8018404260622117 0.2761269672617217 0.8582496010608784 0.7215085019317228 0.87262015155858
2 0.9321997358265998 0.9559036629060402 0.932472606762065 0.928753018864379 0.5656900083616869 0.9169185186848952 0.5654171374262218 0.9440691627265566 0.9321997358265998 0.9559036629060402
10 0.9346473638200132 0.9909000336831292 0.9349769940418594 0.9581018435663955 0.5209566774751664 0.9447431849711209 0.5206270472533203 0.9775413750878544 0.9346473638200132 0.9909000336831292
0 0.31028165562592946 0.9981857402540909 0.3113682095706161 0.890073678652651 0.006520278106258152 0.8802375443448505 0.007321559394714588 0.9884105182864695 0.31028165562592946 0.9981857402540909