4 0.9091802183802605 0.10139583471773647 0.9043435987922309 0.02650679523605458 0.3865391557616411 0.05228677604129888 0.3913757753496707 0.12717581552298077 0.9091802183802605 0.10139583471773647
3 0.2117063158975803 0.14751078956205016 0.20515852716466143 0.04612642388837046 0.03433893914187215 0.05463103554178401 0.040886727874791 0.1560154012154637 0.2117063158975803 0.14751078956205016
5 0.7162247358496634 0.1888502272733608 0.7132233451695276 0.14237742513259657 0.29493793591996087 0.16320264200106321 0.29793932660009664 0.2096754441418274 0.7162247358496634 0.1888502272733608
6 0.7385597065302306 0.23710490528739858 0.7358038686223864 0.19443418245518615 0.2611001263534077 0.21806830442649755 0.26385596426125185 0.26073902725871 0.7385597065302306 0.23710490528739858
9 0.5540391402264452 0.2899567986824234 0.5517975086466401 0.25524792137090624 0.44803173339040214 0.26041411824378446 0.45027336497020704 0.29512299555530164 0.5540391402264452 0.2899567986824234
7 0.8375753986832505 0.7120200446851596 0.8096174616094769 0.27912615769720306 0.19441735553547143 0.30975518597117474 0.22237529260924502 0.7426490729591312 0.8375753986832505 0.7120200446851596
8 0.7613224209005891 0.7742936039456602 0.7594632356246669 0.7455064320380544 0.30243562344331487 0.7682605107797192 0.3042948087192371 0.7970476826873247 0.7613224209005891 0.7742936039456602
1 0.7589684827151045 0.839400171926197 0.7553279703593526 0.7830313654527217 0.31066806142160913 0.8051696921348653 0.31430857377736104 0.8615384986083408 0.7589684827151045 0.839400171926197
2 0.9750201336262554 0.9052951626295994 0.9732678964218887 0.8781639486089935 0.6070795744801118 0.896395402660472 0.6088318116844784 0.9235266166810777 0.9750201336262554 0.9052951626295994
10 0.980066796670775 0.940037158945509 0.977950080438547 0.9072624404460077 0.5646005768509625 0.9278419128931292 0.5667172930831906 0.9606166313926306 0.980066796670775 0.940037158945509
0 0.35854232039382244 0.9951272193960861 0.3517803520965155 0.8904265495223961 0.045381679871580115 0.9056812503945642 0.05145226435435198 0.9996767017077818 0.35854232039382244 0.9951272193960861