4 0.8873983046630451 0.12808664451315507 0.8834784058796535 0.056776384258629846 0.38663889872818447 0.0731004128908134 0.390558797511576 0.14441067314533862 0.8873983046630451 0.12808664451315507
3 0.18253030436828646 0.16245446437838218 0.17713388121057053 0.06428347551235888 0.042136915978099196 0.06871890042119351 0.04753333913581516 0.1668898892872168 0.18253030436828646 0.16245446437838218
5 0.6932437434865973 0.21856874118147335 0.6910227591684779 0.17816489952684467 0.2728041729776805 0.19190577978540388 0.27502515729580007 0.23230962144003253 0.6932437434865973 0.21856874118147335
6 0.7354402166214682 0.2660442110050616 0.733035487047877 0.222297700901002 0.216894730106063 0.23925588633770561 0.21929945967965403 0.28300239644176517 0.7354402166214682 0.2660442110050616
9 0.53418270690096 0.3215318295974428 0.5322971305888599 0.2872296843187594 0.42224647179390973 0.29084547992136583 0.4241320481060099 0.3251476252000493 0.53418270690096 0.3215318295974428
7 0.8195238100039896 0.7439670004804709 0.7962654522300638 0.3208541504806856 0.17555141819055964 0.3412481681024967 0.19880977596448524 0.764361018102282 0.8195238100039896 0.7439670004804709
8 0.7404400656728513 0.8045099206822864 0.7386441745449693 0.7718393159563013 0.27127819747875676 0.7871949700086094 0.2730740886066387 0.8198655747345948 0.7404400656728513 0.8045099206822864
1 0.7470668419875899 0.8693793347720642 0.7440416076028631 0.8143446863725059 0.27362022033817895 0.8298007281815143 0.2766454547229058 0.8848353765810724 0.7470668419875899 0.8693793347720642
1 0.9555178134495429 0.9376239170654985 0.9543621141244544 0.9165995936831657 0.589818142456808 0.9285769548743288 0.5909738417818965 0.9496012782566615 0.9555178134495429 0.9376239170654985
10 0.9573442106468463 0.9669448139566746 0.9559624754916144 0.941808477799248 0.5388244612002766 0.9555138550706814 0.5402061963555086 0.980650191228108 0.9573442106468463 0.9669448139566746
0 0.35118432341516664 1 0.3464333598683158 0.9135711237185147 0.020454626681378235 0.924281395541573 0.024616850524585447 1 0.35118432341516664 1