4 0.4193625092535496 0.9399014576368778 0.916888365517094 0.9201635334231312 0.9161720793114979 0.8489023102356195 0.4186462230479537 0.8686402344493662 0.4193625092535496 0.9399014576368778
3 0.07540471972491865 0.9692145479713331 0.21058817384542422 0.9638515286653181 0.20960208117287654 0.8657480478597426 0.07441862705237098 0.8711110671657575 0.07540471972491865 0.9692145479713331
5 0.2978944099326305 0.8298957701089135 0.7166907359189829 0.8132812162334752 0.7162848936975832 0.7729051586015628 0.2974885677112307 0.7895197124770011 0.2978944099326305 0.8298957701089135
6 0.2389506114956107 0.7868162259849618 0.7558043808793374 0.7663115217545119 0.7553649627420503 0.7225950942856848 0.23851119335832355 0.7430997985161348 0.2389506114956107 0.7868162259849618
9 0.4407957375978525 0.7205940260974473 0.5509984236991259 0.7162220477589666 0.5506538708479964 0.6819434906230095 0.4404511847467231 0.6863154689614903 0.4407957375978525 0.7205940260974473
7 0.19101171249390347 0.6882946201843227 0.8125832196610141 0.6636355373498619 0.8083332015460397 0.240813644262948 0.18676169437892903 0.26547272709740877 0.19101171249390347 0.6882946201843227
8 0.25769193799495804 0.23749655188196883 0.7257035485479533 0.21892952147751218 0.7253753839414832 0.18628138295242985 0.2573637733884879 0.20484841335688647 0.25769193799495804 0.23749655188196883
1 0.25726397830515624 0.19492009189716808 0.7283352198926203 0.17623167932790515 0.7277824164203328 0.121234875941561 0.25671117483286865 0.13992328851082397 0.25726397830515624 0.19492009189716808
1 0.566805933383973 0.07370306596490356 0.9318534971123655 0.05922084146023946 0.9316423152604552 0.03821097562091565 0.5665947515320626 0.052693200125579764 0.566805933383973 0.07370306596490356
10 0.5141004980737726 0.05058537237133714 0.9318147594259835 0.034013746334671906 0.9315622738680213 0.008894695378508387 0.5138480125158105 0.025466321415173607 0.5141004980737726 0.05058537237133714
0 0 0.011930854701582082 0 0.11914378956727092 0.3245794647541776 0.10626702186564854 0.3235113157880583 0 0.30073621912209125 0 0 0.011930854701582082