4 0.41569752296950613 0.1247545030488831 0.912901778365949 0.11607127963713913 0.9095451634398691 0.04478240418407865 0.41234090804342644 0.053465627595822615 0.41569752296950613 0.1247545030488831
3 0.07233140558204323 0.14194557867148402 0.20742747707606699 0.13958624775647366 0.2028065122196837 0.041444698792913244 0.06771044072566 0.043804029707923624 0.07233140558204323 0.14194557867148402
5 0.29941254054242533 0.21078053482690284 0.7179381564543552 0.2034713628174972 0.7160363244110444 0.1630796376259008 0.2975107084991145 0.17038880963530645 0.29941254054242533 0.21078053482690284
6 0.24325869747531753 0.2605604561039886 0.7597783724229343 0.2515399063290165 0.7577191990549635 0.2078065151005579 0.24119952410734674 0.21682706487552997 0.24325869747531753 0.2605604561039886
9 0.4478543206057147 0.3057998948593053 0.5579857716566667 0.30387654850062934 0.5563711499678939 0.2695846898842576 0.44623969891694193 0.2715080362429336 0.4478543206057147 0.3057998948593053
7 0.21894449169855262 0.7410544571338815 0.8401142148515179 0.7302062887519604 0.8201980498753103 0.3072203234986636 0.19902832672234497 0.3180684918805848 0.21894449169855262 0.7410544571338815
8 0.29280410806343926 0.7976348697505935 0.7605131957668727 0.7894667528124275 0.7589753716294221 0.7568059454759527 0.2912662839259887 0.7649740624141186 0.29280410806343926 0.7976348697505935
1 0.29586227396893383 0.8625851881972247 0.7666290149603908 0.8543636721050343 0.7640385024365246 0.7993455277124101 0.29327176144506756 0.8075670438046005 0.29586227396893383 0.8625851881972247
1 0.6098262984949552 0.9320992436617296 0.974637895365444 0.925728138498328 0.9736482683829594 0.9047101199728259 0.6088366715124707 0.9110812251362275 0.6098262984949552 0.9320992436617296
10 0.5587885360682416 0.9623338222878055 0.9762327867929436 0.9550435353450671 0.9750496050063139 0.9299147371710438 0.5576053542816118 0.937205024113782 0.5587885360682416 0.9623338222878055
0 0.044037471825544884 1 0.34591049849329597 1 0.370503541778598 0.9995705047032417 0.36545550761242335 0.8923587193539128 0.039237461389551295 0.8980558230000535 0.044037471825544884 1