4 0.6254081599221508 0.8761593686418886 0.10733555602690385 0.886581104565358 0.11106213408921597 0.9615476710555314 0.629134737984463 0.951125935132062 0.6254081599221508 0.8761593686418886
3 0.9762473819128574 0.8577253946977473 0.805339329742954 0.8611634429047309 0.8103843504241631 0.9626527642118773 0.9812924025940665 0.9592147160048937 0.9762473819128574 0.8577253946977473
5 0.7200457908102699 0.7964994085571654 0.3015437596708611 0.804918146817358 0.3038563080244063 0.8514390587663283 0.7223583391638151 0.8430203205061356 0.7200457908102699 0.7964994085571654
6 0.7548778414610877 0.7464900695576989 0.2799282593433083 0.7560443271744449 0.2820516111810418 0.7987592238071796 0.7570011932988211 0.7892049661904333 0.7548778414610877 0.7464900695576989
9 0.5690105060756072 0.706615219185196 0.4651909925396207 0.7087036900783487 0.46691815237037565 0.743448498888583 0.5707376659063621 0.7413600279954303 0.5690105060756072 0.706615219185196
7 0.8034856885451411 0.2662314319318288 0.18796698228412984 0.278613428903637 0.20950835701297701 0.7119554584807466 0.8250270632739882 0.6995734615089383 0.8034856885451411 0.2662314319318288
8 0.7223896958647026 0.2094543786702755 0.26512539795903084 0.21865287271179235 0.2665578858644623 0.24746984582043327 0.7238221837701341 0.23827135177891645 0.7223896958647026 0.2094543786702755
1 0.713333127941384 0.14472358139256286 0.26844293827263477 0.15367315339619536 0.2712479249443379 0.2101003142693049 0.7161381146130872 0.2011507422656724 0.713333127941384 0.14472358139256286
2 0.41979244281391165 0.07406707421322353 0.05341447905202111 0.08143726587708709 0.05476456429377155 0.10859656680966727 0.4211425280556621 0.10122637514580371 0.41979244281391165 0.07406707421322353
10 0.4624469628355754 0.038256897174027575 0.04888339356783011 0.046576291548618635 0.05051430708740559 0.079384939257214 0.4640778763551509 0.07106554488262293 0.4624469628355754 0.038256897174027575
0 0.6710873092358072 0.009942034210900848 0.6762973536182848 0.11475109283918766 0.9828547037649327 0.10858427428015636 0.9781773652752775 0.014491516522596703 0.6710873092358072 0.009942034210900848