4 0.581436567164179 0.1232758620689655 0.581436567164179 0.051976127320954905 0.08389925373134328 0.051976127320954905 0.08389925373134328 0.1232758620689655 0.581436567164179 0.1232758620689655
3 0.9255597014925373 0.13446286472148541 0.9255597014925373 0.03630636604774535 0.7903731343283582 0.03630636604774535 0.7903731343283582 0.13446286472148541 0.9255597014925373 0.13446286472148541
5 0.7017537313432837 0.20721485411140583 0.7017537313432837 0.16681697612732094 0.28294776119402976 0.16681697612732094 0.28294776119402976 0.20721485411140583 0.7017537313432837 0.20721485411140583
6 0.7602425373134328 0.2559814323607427 0.7602425373134328 0.21224137931034484 0.24337686567164182 0.21224137931034484 0.24337686567164182 0.2559814323607427 0.7602425373134328 0.2559814323607427
9 0.5578078358208955 0.3047612732095491 0.5578078358208955 0.27046419098143243 0.4476026119402985 0.27046419098143243 0.4476026119402985 0.3047612732095491 0.5578078358208955 0.3047612732095491
7 0.8071735074626866 0.7357294429708224 0.8071735074626866 0.3126790450928382 0.18558768656716415 0.3126790450928382 0.18558768656716415 0.7357294429708224 0.8071735074626866 0.7357294429708224
8 0.7359888059701493 0.7935610079575598 0.7359888059701493 0.7608952254641909 0.26796641791044773 0.7608952254641909 0.26796641791044773 0.7935610079575598 0.7359888059701493 0.7935610079575598
1 0.7359888059701493 0.8585212201591512 0.7359888059701493 0.8034946949602123 0.26490671641791047 0.8034946949602123 0.26490671641791047 0.8585212201591512 0.7359888059701493 0.8585212201591512
1 0.42534514925373135 0.9334681697612731 0.42534514925373135 0.9124469496021221 0.06028917910447763 0.9124469496021221 0.06028917910447763 0.9334681697612731 0.42534514925373135 0.9334681697612731
10 0.4777985074626866 0.9627917771883291 0.4777985074626866 0.9376591511936341 0.060074626865671645 0.9376591511936341 0.060074626865671645 0.9627917771883291 0.4777985074626866 0.9627917771883291
0 0.9942444029850745 0.9967175066312998 0.9942444029850745 0.8894893899204246 0.6678078358208955 0.8894893899204246 0.6678078358208955 0.9967175066312998 0.9942444029850745 0.9967175066312998