4 0.7873336873723533 0.06521548612143059 0.4245715231170942 0.07263874890710446 0.4223484874311286 0.13456576701537978 0.7846819986288791 0.12509627094409678 0.7873336873723533 0.06521548612143059
3 0.2760800000392166 0.0641190384023953 0.1760399678807975 0.06554111429458913 0.1721860769500174 0.15409470193620967 0.2736369849126609 0.1519053722203072 0.2760800000392166 0.0641190384023953
5 0.6976836968679893 0.16431229890583654 0.2836143074083471 0.1789192210420015 0.28291030635819064 0.2082034264119464 0.6948366165295197 0.18939525983094233 0.6976836968679893 0.16431229890583654
6 0.6292372501576552 0.21846141864718338 0.6307160118172087 0.19451677654933341 0.36143052526086816 0.2083981595863429 0.3597414456529153 0.23369913027286884 0.6292372501576552 0.21846141864718338
9 0.5282153520575619 0.25672941265829413 0.5269528138443506 0.23471604535930468 0.47562556073068935 0.23830976056852415 0.4723883194575245 0.26054224646084906 0.5282153520575619 0.25672941265829413
7 0.7033950966919771 0.5902306279377341 0.7246336028505015 0.25013821791292273 0.2452306966479902 0.28199371159128234 0.2598533246179917 0.6588037604894744 0.7033950966919771 0.5902306279377341
8 0.5846079534705568 0.6167297476636457 0.39855957535333686 0.645415630681483 0.3987418810877992 0.6622843115786587 0.5842384024947319 0.6329754192891396 0.5846079534705568 0.6167297476636457
1 0.581884530236361 0.6611847205680318 0.5836729782457778 0.6364926778951351 0.39919079560237347 0.6663040694504855 0.40020721030542467 0.692093477731142 0.581884530236361 0.6611847205680318
2 0.7240285243310252 0.658914100201865 0.5586687517611645 0.6882907401464278 0.5558130343595118 0.7070065000637334 0.7222291589163353 0.67501418168838 0.7240285243310252 0.658914100201865
10 0.7205676295554254 0.7000712494623016 0.7232095246559725 0.6817212709555418 0.5318533592084447 0.7178105731334307 0.531346227680385 0.7371303425700373 0.7205676295554254 0.7000712494623016
0 0.4266289556330034 0.7011976757396292 0.17023969366870098 0.7466808141964847 0.1766528619397853 0.8229532168571801 0.42081524040016105 0.7773919452004306 0.4266289556330034 0.7011976757396292