4 0.8296472494983944 0.15867334861158894 0.42334235913576096 0.12872551539593996 0.4161182764541212 0.18580299066684608 0.8164961929047089 0.2266335229361981 0.8296472494983944 0.15867334861158894
3 0.2668992923210338 0.09760149739200168 0.182309147946478 0.09263951622210989 0.17438625179747702 0.17326980668223996 0.2624809359003008 0.1807706557321723 0.2668992923210338 0.09760149739200168
5 0.545780610153584 0.22819909593471444 0.40507929628538536 0.21736204028754771 0.40384545434750163 0.2543773042210704 0.5411595751534123 0.27021002365455676 0.545780610153584 0.22819909593471444
6 0.645410029803667 0.3200320161910768 0.6481731120874931 0.2863138005670349 0.3110454094130104 0.24880500901627564 0.3088974839513394 0.2833802161226878 0.645410029803667 0.3200320161910768
9 0.5037367440196847 0.3438324822271614 0.5090703073369898 0.3125435260231707 0.4323363997047334 0.30495757233842946 0.43073842386326083 0.33668488642363775 0.5037367440196847 0.3438324822271614
7 0.6526333164195025 0.7101608705320255 0.6991715061261842 0.37306980380202603 0.25509845434055495 0.3166854939180561 0.23981973233403822 0.6361867042325208 0.6526333164195025 0.7101608705320255
8 0.5910261441994096 0.7209962551589619 0.2765005001341897 0.6637108720681145 0.2746366671829809 0.69139966720112 0.5891142018719611 0.7491224240681398 0.5910261441994096 0.7209962551589619
1 0.5833357026034373 0.7962855014485828 0.5897033833106758 0.7545073018671445 0.27005561158882846 0.6967908882422634 0.2610766108381114 0.7341059440866089 0.5833357026034373 0.7962855014485828
0 0.3090302936627933 0.760093594540033 0.104070999624234 0.7165514707443066 0.10007892574443572 0.7958183698049649 0.2981825830960816 0.8372271970526641 0.3090302936627933 0.760093594540033
2 0.7326717270688751 0.8620775177801157 0.4720512851779619 0.8089028676240451 0.46546931350493836 0.827111278870822 0.7291959529166765 0.8829323601796669 0.7326717270688751 0.8620775177801157
10 0.7289255304284971 0.9015057151611651 0.7319202908671782 0.8850238827799504 0.4313199877228858 0.821997043337307 0.4258134680102987 0.837143046788018 0.7289255304284971 0.9015057151611651