4 0.7535808105468749 0.5085908203125 0.7485004882812499 0.19824544270833333 0.698374755859375 0.19283919270833336 0.702100341796875 0.5072356770833333 0.7535808105468749 0.5085908203125
3 0.7602412109375 0.7709244791666667 0.75977001953125 0.6924378255208333 0.6959506835937499 0.6961712239583333 0.696421630859375 0.7784625651041666 0.7602412109375 0.7709244791666667
5 0.676120849609375 0.5651689453125001 0.673651123046875 0.40666048177083336 0.6442905273437499 0.4063356119791666 0.646211181640625 0.5666328125 0.676120849609375 0.5651689453125001
6 0.642673583984375 0.6691542968749999 0.64060205078125 0.3214694010416666 0.610802734375 0.32066015625 0.61398974609375 0.6712796223958333 0.642673583984375 0.6691542968749999
9 0.608079833984375 0.5227698567708333 0.607523193359375 0.4456025390625 0.58496044921875 0.44579654947916675 0.58496044921875 0.5229980468750001 0.608079833984375 0.5227698567708333
7 0.567999267578125 0.6675947265625 0.563103759765625 0.318896484375 0.300014404296875 0.3079365234375 0.302811767578125 0.6862490234375 0.567999267578125 0.6675947265625
8 0.28307861328125 0.32660807291666666 0.24784423828125 0.32660807291666666 0.24784423828125 0.6606380208333333 0.28307861328125 0.6606380208333333 0.28307861328125 0.32660807291666666
1 0.241461181640625 0.327509765625 0.18544311523437498 0.327509765625 0.18544311523437498 0.660634765625 0.241461181640625 0.660634765625 0.241461181640625 0.327509765625
2 0.110262451171875 0.3649674479166667 0.1306650390625 0.36531640625 0.128398193359375 0.15399348958333334 0.108751220703125 0.15264973958333333 0.110262451171875 0.3649674479166667
10 0.10824731445312498 0.37571777343749996 0.1061064453125 0.15289388020833333 0.08608154296874998 0.15096972656250002 0.087341064453125 0.3763896484375 0.10824731445312498 0.37571777343749996
0 0.073677490234375 0.8717610677083334 0.17762573242187496 0.8576298828125 0.172371337890625 0.6121559244791667 0.070479248046875 0.6188590494791667 0.073677490234375 0.8717610677083334