4 0.8924556837308274 0.07396090613878402 0.45572503458615854 0.09284692717237915 0.45193762311621627 0.15420501577934415 0.892367714087956 0.1418861384679436 0.8924556837308274 0.07396090613878402
3 0.3177098715670894 0.09178768531995155 0.22235609931977057 0.0975829447910553 0.21616898329276746 0.16934099980336945 0.31672347602173934 0.16563355216952683 0.3177098715670894 0.09178768531995155
5 0.8184878447681049 0.17218572127429327 0.2629330150257378 0.18915509637776176 0.26041968634443513 0.21882223873301682 0.8178537713456415 0.20439351730454047 0.8184878447681049 0.17218572127429327
6 0.6737434016930663 0.23285622586561872 0.6746637492361184 0.2099580706712907 0.3871046605381417 0.2171034911685437 0.3848792925356866 0.2383172484323172 0.6737434016930663 0.23285622586561872
9 0.5531500110852205 0.2701176984705328 0.5529797215977479 0.24872946796050724 0.49355753818587034 0.2498705692935827 0.49374818082148203 0.270744308888415 0.5531500110852205 0.2701176984705328
7 0.7851839108483077 0.7081921562751352 0.7996129427146305 0.2738158502535953 0.27054008530339185 0.2826507428113069 0.2424896693385316 0.6790085759699942 0.7851839108483077 0.7081921562751352
8 0.6208422193816057 0.7103947481364258 0.38683907880039176 0.6962053038994255 0.38476124286824454 0.7155400402828967 0.6190876495487806 0.7324684566360163 0.6208422193816057 0.7103947481364258
1 0.6155056694743015 0.7713672724382065 0.6185563915554492 0.7343368389421184 0.3836913702505749 0.7192733849532255 0.3817878609495572 0.755291349720033 0.6155056694743015 0.7713672724382065
2 0.8354941091891019 0.8147106667969147 0.5760634405064811 0.7978238097993305 0.5739597904450038 0.8204354496390633 0.8341360294115462 0.8385851639237955 0.8354941091891019 0.8147106667969147
10 0.5535190707176805 0.8532941344930918 0.8337933998457977 0.8768448241497936 0.8338019044970874 0.8468981585129898 0.5561784100513139 0.8267713933738383 0.5535190707176805 0.8532941344930918
0 0.3853422218369442 0.8632419991043718 0.38525376518857146 0.7707412931722181 0.1639564596294226 0.754336358520319 0.16058757445621002 0.8440798229996389 0.3853422218369442 0.8632419991043718