4 0.9048530990405901 0.059368635620960425 0.4827792516527041 0.06682128647241738 0.475535290852996 0.12905095287234983 0.9036798018369941 0.12809508172103634 0.9048530990405901 0.059368635620960425
3 0.3412945286443307 0.061926384035005305 0.2642198369712902 0.0635488171820864 0.25254359508601426 0.13405774976305504 0.3322327062587096 0.13408076095058505 0.3412945286443307 0.061926384035005305
5 0.7552457329472294 0.15940290308709523 0.36601195458835933 0.15798917384403033 0.36242474320097307 0.18535920060571218 0.7527209556152668 0.18857790178701672 0.7552457329472294 0.15940290308709523
6 0.40471587295219263 0.21270483033016532 0.6954962308455543 0.21756383024527112 0.6971632482943128 0.18968354286632785 0.4081507625964684 0.18734285309788118 0.40471587295219263 0.21270483033016532
9 0.5743190542876458 0.24564311072021827 0.576713220091536 0.22393834560994655 0.5204232085277228 0.22338495914107817 0.517924778862326 0.24454480367375536 0.5743190542876458 0.24564311072021827
7 0.792222703317106 0.6787909502622641 0.8264877601919864 0.2554659870711771 0.29069618662712804 0.25013831192469244 0.25207967399737635 0.6376684139066854 0.792222703317106 0.6787909502622641
8 0.6302211533606727 0.676556410113723 0.3903463371111236 0.6563701896086561 0.38865006464762764 0.6765712868646522 0.6274028299390308 0.6975516956003874 0.6302211533606727 0.676556410113723
1 0.6232616079363765 0.736786663684468 0.6271178378360047 0.7008631318156825 0.3875605441086197 0.6798076203471082 0.3859205162837604 0.7143750718845938 0.6232616079363765 0.736786663684468
2 0.819773791957748 0.7799927715002122 0.5831731982817473 0.7586563289748279 0.5810397770642708 0.7830025557590384 0.8176414644880509 0.8043207057329971 0.819773791957748 0.7799927715002122
10 0.8144901940209655 0.8400228566619752 0.8164211039167713 0.8133963105874057 0.5518027786663801 0.7902703265385225 0.5500072601623531 0.8146324986473311 0.8144901940209655 0.8400228566619752
0 0.37740373254031234 0.8205122190833046 0.38532490869489106 0.7328754228627801 0.16145055449262277 0.7106249805091539 0.14947648530738067 0.7955858190506443 0.37740373254031234 0.8205122190833046