4 0.08037174479166666 0.12360034179687501 0.5504934895833333 0.1505380859375 0.5463183593750001 0.077242431640625 0.08204166666666667 0.04529296875 0.08037174479166666 0.12360034179687501
3 0.7120716145833333 0.162912841796875 0.8089348958333332 0.167684326171875 0.7955745442708334 0.087737548828125 0.7045563151041667 0.0808466796875 0.7120716145833333 0.162912841796875
5 0.163638671875 0.198578857421875 0.7515638020833334 0.22101049804687503 0.7477825520833334 0.19114428710937503 0.163638671875 0.166884765625 0.163638671875 0.198578857421875
6 0.6343352864583335 0.240636474609375 0.6330966796875 0.21944018554687503 0.3096409505208333 0.205755615234375 0.30926009114583336 0.231201416015625 0.6343352864583335 0.240636474609375
9 0.5097167968749999 0.277232666015625 0.5078111979166666 0.252309814453125 0.437689453125 0.249213623046875 0.4388326822916667 0.27437353515625 0.5097167968749999 0.277232666015625
7 0.7487428385416666 0.289611083984375 0.170552734375 0.27254638671875 0.18136002604166668 0.73757177734375 0.754146484375 0.7102077636718751 0.7487428385416666 0.289611083984375
8 0.34663151041666673 0.7655666503906251 0.6044573567708333 0.750925537109375 0.6047203776041667 0.72873583984375 0.3455797526041667 0.742942138671875 0.34663151041666673 0.7655666503906251
1 0.6047203776041667 0.754517578125 0.3462809244791667 0.7686779785156251 0.3459391276041667 0.805028076171875 0.6029671223958333 0.789769775390625 0.6047203776041667 0.754517578125
2 0.1384169921875 0.8757282714843749 0.40487923177083335 0.85837109375 0.40607584635416666 0.827846435546875 0.13642252604166666 0.8461015625 0.1384169921875 0.8757282714843749
10 0.4399820963541667 0.8900927734375 0.443771484375 0.861689697265625 0.14001236979166667 0.881414306640625 0.13961360677083332 0.910741943359375 0.4399820963541667 0.8900927734375
0 0.8565074869791666 0.88459912109375 0.8529000651041666 0.78954443359375 0.6003795572916667 0.8088203125 0.6019257812500001 0.90509033203125 0.8565074869791666 0.88459912109375