5 0.3906308940271194 0.7817867152563897 0.5119842729314895 0.792424925868008 0.5140954503477942 0.7596915989150422 0.3933939838966629 0.7508081592642152 0.3906308940271194 0.7817867152563897
6 0.2954633405954375 0.7380797049306221 0.627828599782296 0.7630290806847552 0.6338828867051453 0.7239325112386221 0.29963537112788724 0.7062104855355605 0.2954633405954375 0.7380797049306221
9 0.4252460955685275 0.7017883699830089 0.48933284613235656 0.7063809251149341 0.48900927866425625 0.6762865146460624 0.42869910825442 0.6735508232947476 0.4252460955685275 0.7017883699830089
7 0.28570545166938416 0.3519015153149884 0.2608181855838776 0.6588579973910709 0.6878543558084611 0.6792239818951117 0.6880700318021082 0.33830749678682104 0.28570545166938416 0.3519015153149884
4 0.15964733685355317 0.8552799517815362 0.5118606716571222 0.8885809019870274 0.5189270357985164 0.8265428412301378 0.1641951473749597 0.7944364775133453 0.15964733685355317 0.8552799517815362
3 0.6782417761522431 0.9248383759093182 0.7912470693036446 0.9341198467145068 0.8041888104337684 0.8389845789108058 0.6851176318859681 0.8328488461262482 0.6782417761522431 0.9248383759093182
8 0.33244951160360264 0.32866242972473486 0.6356932963209438 0.31916728778015097 0.6355372449138208 0.29082215237643405 0.33610759870247336 0.30508079179888614 0.33244951160360264 0.32866242972473486
1 0.6376068631354816 0.2428449029909128 0.3348811456162209 0.26062764562714047 0.33574815943820224 0.30101716162780046 0.6388970149563377 0.2864502180187227 0.6376068631354816 0.2428449029909128
2 0.21710167292618934 0.23587323685416348 0.4380414432311589 0.22444831859091732 0.4393387003189011 0.20504732820615332 0.2208603491333313 0.21830167134583855 0.21710167292618934 0.23587323685416348
10 0.22367355999813446 0.20111070071526235 0.22001705009188957 0.21731542108559324 0.4784472836469949 0.20323878225943653 0.47935544109825196 0.18291137921571415 0.22367355999813446 0.20111070071526235
0 0.6164329433996641 0.1489439241015642 0.615837767872526 0.22817013076949622 0.840735493913841 0.20818158657931804 0.8418344204355471 0.13181384601363727 0.6164329433996641 0.1489439241015642