4 0.09973731192129634 0.16884788652584876 0.6411232566550926 0.17214004870756178 0.637059693287037 0.09519763334297844 0.0860002025462963 0.09058018422067901 0.09973731192129634 0.16884788652584876
3 0.8119815755208334 0.17970774920428242 0.9253101128472223 0.17900141661844135 0.9302601273148148 0.07935293571566356 0.8146652199074074 0.0792045295621142 0.8119815755208334 0.17970774920428242
5 0.19967306134259263 0.24652633945794752 0.8399299262152778 0.24995188922646605 0.8395261212384258 0.21658537266107253 0.19582290943287037 0.21532912507233798 0.19967306134259263 0.24652633945794752
6 0.6897794487847222 0.278229695939429 0.6890900028935186 0.2518744164737654 0.353826099537037 0.2510637086467979 0.35681581307870375 0.27795690887827934 0.6897794487847222 0.278229695939429
9 0.5626530309606481 0.3173204903308256 0.5586478949652778 0.2931615981867284 0.48841066261574073 0.29099617573302466 0.4891501374421296 0.3159534511236497 0.5626530309606481 0.3173204903308256
7 0.7999499565972222 0.7065705729166667 0.8362018590856481 0.3251572699652777 0.20980281394675923 0.32054070939429014 0.26692214265046293 0.7039683587721838 0.7999499565972222 0.7065705729166667
8 0.4243763888888889 0.7261847529658565 0.6437740668402777 0.7275206778067129 0.6464347222222222 0.7115536615065586 0.42369569589120365 0.7113504466869212 0.4243763888888889 0.7261847529658565
1 0.6487069589120369 0.7556963041329089 0.6468550419560186 0.7298035017602237 0.4237066767939815 0.7279882330246914 0.4241997178819445 0.7527674521363812 0.6487069589120369 0.7556963041329089
2 0.24513450520833333 0.7911442412953319 0.4568805049189815 0.792358071711034 0.45466409143518516 0.773374382113233 0.2419776982060185 0.7723305489245755 0.24513450520833333 0.7911442412953319
10 0.4885286747685186 0.8158144555362654 0.4851912760416667 0.7948929542824074 0.24452008101851852 0.7943303958092207 0.24796542245370373 0.814918785566165 0.4885286747685186 0.8158144555362654
0 0.6414252604166667 0.8299114619502314 0.8641331452546296 0.8305464801552854 0.8713592230902778 0.7652183635947145 0.6424555844907408 0.7637097517602236 0.6414252604166667 0.8299114619502314