4 0.9188945312499999 0.5393434244791666 0.919775146484375 0.1251611328125 0.8600712890625 0.12459114583333335 0.859014404296875 0.5407529296875 0.9188945312499999 0.5393434244791666
3 0.92707958984375 0.8869241536458333 0.930267578125 0.7805807291666667 0.830732177734375 0.7777923177083333 0.827544189453125 0.8826722005208333 0.92707958984375 0.8869241536458333
5 0.806322021484375 0.5956897786458334 0.809210205078125 0.4090263671875 0.766409423828125 0.4090263671875 0.762995849609375 0.5953398437499999 0.806322021484375 0.5956897786458334
6 0.75595703125 0.7136474609375 0.7630859375 0.29133430989583337 0.720619140625 0.29037174479166666 0.7143720703125 0.7128551432291667 0.75595703125 0.7136474609375
9 0.713272216796875 0.5370061848958334 0.714640869140625 0.4550065104166667 0.67938134765625 0.4542529296875 0.6778171386718749 0.5359632161458333 0.713272216796875 0.5370061848958334
7 0.651865478515625 0.7062747395833333 0.657158935546875 0.2919557291666667 0.35181884765625 0.29104296874999996 0.343555908203125 0.6911217447916668 0.651865478515625 0.7062747395833333
8 0.317814208984375 0.6681520182291668 0.327411865234375 0.3144124348958333 0.2959462890625 0.31232714843750004 0.28379736328125 0.6655595703125 0.317814208984375 0.6681520182291668
1 0.277788330078125 0.6648938802083334 0.287367431640625 0.31088639322916667 0.22966015625 0.311537109375 0.21938037109375 0.6605312500000001 0.277788330078125 0.6648938802083334
2 0.190844482421875 0.14394140625 0.171604736328125 0.14423307291666665 0.165782958984375 0.36372037760416664 0.18574340820312496 0.36372037760416664 0.190844482421875 0.14394140625
10 0.163565185546875 0.3746650390625 0.16910986328125 0.14497233072916668 0.15047998046874997 0.14542057291666668 0.143604736328125 0.3749606119791667 0.163565185546875 0.3746650390625
0 0.21177001953125 0.8614703776041666 0.213286865234375 0.599857421875 0.12266357421875 0.5979905598958334 0.11697607421875 0.8559072265625001 0.21177001953125 0.8614703776041666