4 0.206923988226129 0.9641229507590992 0.6808093943833958 0.9139517823945129 0.6616617869298352 0.8438910907815772 0.20510182894281317 0.8840028004355167 0.206923988226129 0.9641229507590992
3 0.8430088357525407 0.9112926779754117 0.9453135314373751 0.8993464807947641 0.9310374142583121 0.8085715242290646 0.8232600772088192 0.8215026478711442 0.8430088357525407 0.9112926779754117
5 0.3222693919559853 0.8342708448570184 0.8097990504565599 0.793408621678231 0.8048545101093245 0.7639311122308278 0.3196785521021564 0.8008906869254351 0.3222693919559853 0.8342708448570184
6 0.41275660034362965 0.7926040001542866 0.7196003753861845 0.7685554985856384 0.7133601518963553 0.7442978423019381 0.4086033978084308 0.7669263403080507 0.41275660034362965 0.7926040001542866
9 0.5276629097384545 0.7250579909994274 0.5330702335022113 0.7470256072065729 0.5940531769977928 0.7409527986509383 0.5895151163878714 0.7179612950236717 0.5276629097384545 0.7250579909994274
7 0.24964516746632157 0.3942924113893569 0.27742561370903746 0.7334497092913002 0.8192215006738089 0.6963780611318154 0.7130403994220097 0.3770163723871707 0.24964516746632157 0.3942924113893569
8 0.38908594889863674 0.3819384623116421 0.5813873369403738 0.3734744858938374 0.576361880392841 0.36097842617880893 0.38714041683024575 0.36935549893127595 0.38908594889863674 0.3819384623116421
1 0.3825948822747789 0.34669422934590904 0.3861239309511321 0.36635526897181275 0.5762962052879702 0.358090698786945 0.5739080792673801 0.3364741436401739 0.3825948822747789 0.34669422934590904
2 0.21234574028141703 0.33449393864683763 0.4114179634702887 0.3273406182598658 0.4082550461919128 0.3096127907100248 0.21164522521213927 0.3155232466058643 0.21234574028141703 0.33449393864683763
10 0.21144583140531364 0.2949250408610598 0.2110198031426243 0.3116995901144338 0.4320285907402339 0.3042762894225323 0.43069121692877776 0.28690883531647493 0.21144583140531364 0.2949250408610598
0 0.5653824202915426 0.3298344203313914 0.7756825603372938 0.319732217317691 0.7566876828848801 0.26393532174205414 0.5520313996320239 0.27039719787293554 0.5653824202915426 0.3298344203313914