4 0.20361263020833334 0.14922314453125 0.6262688802083333 0.172329345703125 0.6240989583333333 0.10834375000000002 0.19734407552083333 0.07144384765625 0.20361263020833334 0.14922314453125
3 0.7533307291666667 0.184314208984375 0.8517014973958333 0.19131640625 0.8517014973958333 0.11449365234375 0.7615283203125001 0.10689672851562498 0.7533307291666667 0.184314208984375
5 0.4370016276041667 0.229534912109375 0.6539957682291666 0.237879638671875 0.6539957682291666 0.211808349609375 0.4370016276041667 0.20095556640625 0.4370016276041667 0.229534912109375
6 0.40745182291666665 0.255571044921875 0.6788007812499999 0.263768798828125 0.6822268880208333 0.24271923828125 0.4084798177083333 0.231666748046875 0.40745182291666665 0.255571044921875
9 0.5701927083333334 0.2974677734375 0.5695930989583333 0.277259033203125 0.5191435546875 0.275619873046875 0.5181155598958334 0.295925537109375 0.5701927083333334 0.2974677734375
7 0.7561080729166667 0.67766064453125 0.7878274739583333 0.307716796875 0.27232259114583335 0.298462158203125 0.27025976562500004 0.71403271484375 0.7561080729166667 0.67766064453125
8 0.6275703125 0.709119384765625 0.6265403645833333 0.69212158203125 0.4246881510416667 0.7071879882812501 0.4241731770833333 0.728048828125 0.6275703125 0.709119384765625
1 0.6255104166666667 0.74041064453125 0.6291149088541667 0.7122099609375 0.42365820312499997 0.72843505859375 0.42520312499999996 0.7543178710937499 0.6255104166666667 0.74041064453125
2 0.24455175781250002 0.82110498046875 0.45358821614583333 0.7987998046875 0.4526979166666667 0.778948974609375 0.24296907552083333 0.801808349609375 0.24455175781250002 0.82110498046875
10 0.4756494140625 0.82704248046875 0.4718899739583333 0.8054775390625001 0.2421774088541667 0.82882373046875 0.24376041666666667 0.85197998046875 0.4756494140625 0.82704248046875
0 0.624240234375 0.8331286621093749 0.8260546875 0.81030029296875 0.8311988932291667 0.72684765625 0.6230530598958333 0.74941015625 0.624240234375 0.8331286621093749