4 0.5803967143245232 0.7117224378771972 0.18503969049360974 0.6939450273679209 0.18285649417823926 0.7520421706945264 0.5782135180091528 0.769819581203803 0.5803967143245232 0.7117224378771972
3 0.823457374713448 0.7178217080337352 0.7250198977367042 0.713395421583184 0.722292827074759 0.7859656315974505 0.8207303040515028 0.7903919180480017 0.823457374713448 0.7178217080337352
5 0.6163747782639761 0.6547576605182134 0.40019816686772863 0.6450371797080909 0.399316547835086 0.6684979866626931 0.6154931592313334 0.6782184674728152 0.6163747782639761 0.6547576605182134
6 0.647059826498086 0.6313738812357624 0.37088964272666053 0.6189557618363543 0.3701125091599928 0.6396361009743177 0.6462826929314183 0.652054220373726 0.647059826498086 0.6313738812357624
9 0.5332542894308683 0.5942466982986898 0.4821063611795507 0.5919468081679619 0.4813976014353542 0.6108076481908268 0.5325455296866719 0.6131075383215546 0.5332542894308683 0.5942466982986898
7 0.7777594478916122 0.21914856263384358 0.2664981345422092 0.19615946241031668 0.2523409954800315 0.5728957785168449 0.7636023088294345 0.5958848787403718 0.7777594478916122 0.21914856263384358
8 0.6292235311617859 0.1834537657009756 0.4138602375408105 0.17376985609888557 0.41329234986784513 0.18888194258300178 0.6286556434888205 0.19856585218509182 0.6292235311617859 0.1834537657009756
1 0.6305405521296161 0.14840645667361776 0.4143314080223578 0.13868451301517426 0.41310388710498763 0.17135013184696407 0.6293130312122459 0.18107207550540758 0.6305405521296161 0.14840645667361776
2 0.4481959827616055 0.09226085990030394 0.2277543329518306 0.08234859967526093 0.22685823260021945 0.10619476971322185 0.4472998824099943 0.11610702993826484 0.4481959827616055 0.09226085990030394
10 0.476934583859562 0.06096788305920599 0.22770799134735373 0.049761294639487925 0.2266512216783268 0.07788304369724462 0.475877814190535 0.08908963211696269 0.476934583859562 0.06096788305920599
0 0.8804941861046073 0.0556710904321347 0.638886754511149 0.04480710108926217 0.6357214864695317 0.12903820288541376 0.8773289180629902 0.13990219222828632 0.8804941861046073 0.0556710904321347