4 0.15525908315201445 0.5418610923504743 0.21881913183172122 0.19251610176851575 0.1700359203904547 0.19022030244464977 0.1025471589019628 0.5370075633932395 0.15525908315201445 0.5418610923504743
3 0.14033024397230698 0.7285204466717964 0.05493974544893197 0.7182911259068303 0.03322933779764095 0.8306158616963676 0.12253458792221865 0.8380351333072595 0.14033024397230698 0.7285204466717964
5 0.22583900793875936 0.5838404619562889 0.2515345631703082 0.4234987010470049 0.21573076939932334 0.4201376627835992 0.1895360934378818 0.5794111335838916 0.22583900793875936 0.5838404619562889
6 0.2514441080413154 0.6901084210307543 0.3066538371387154 0.3353614105131568 0.2709085369724984 0.3315300173396747 0.21084108786147762 0.6862195517960429 0.2514441080413154 0.6901084210307543
9 0.3076723065587821 0.5424196031486557 0.3168026697326272 0.47242112094350047 0.2905199333274155 0.46978369773064066 0.27982999991504304 0.5372374579304311 0.3076723065587821 0.5424196031486557
7 0.6101146716910094 0.7379766694206692 0.641976952744145 0.35919785064187437 0.3599020767657436 0.33593697423070906 0.30848710821032743 0.7021241309082351 0.6101146716910094 0.7379766694206692
8 0.6707763196444316 0.7251823224934917 0.6994496841389878 0.38322204803919246 0.6619717769269958 0.38038832147342216 0.6325150558724305 0.721081253425861 0.6707763196444316 0.7251823224934917
2 0.8279198767820842 0.4533802742062832 0.8375775309231598 0.24373263417090849 0.8131161852146792 0.2414573879616196 0.8020636530705915 0.4507519037214692 0.8279198767820842 0.4533802742062832
10 0.8589383584397183 0.24716238152306597 0.8392380543892793 0.24474176580363644 0.8299181388678036 0.45252663735825444 0.8523006310974677 0.4553751799413482 0.8589383584397183 0.24716238152306597
1 0.7330035982053479 0.7306910933373304 0.7545299064084388 0.3889091657183818 0.7035754225270546 0.38421192913612384 0.6771829103612961 0.7259623142029249 0.7330035982053479 0.7306910933373304
0 0.735685073125711 0.9436087317863248 0.8446993678267971 0.9582485371980984 0.8578298014899348 0.6823353805289103 0.7506897798864935 0.6674270479625777 0.735685073125711 0.9436087317863248