4 0.14784342447916668 0.144025634765625 0.5756806640625 0.170064208984375 0.5778805338541667 0.106613525390625 0.14549674479166666 0.07184228515625 0.14784342447916668 0.144025634765625
3 0.7135504557291668 0.183532470703125 0.7986191406250001 0.19316455078125003 0.8033128255208334 0.116630859375 0.7211774088541666 0.10826806640625 0.7135504557291668 0.183532470703125
5 0.32831250000000006 0.22694213867187496 0.6584801432291667 0.23927880859375 0.6597167968750001 0.21333569335937497 0.32913704427083335 0.19787377929687497 0.32831250000000006 0.22694213867187496
6 0.6572434895833333 0.266833740234375 0.65796484375 0.243529541015625 0.3266637369791667 0.23003466796875 0.32542740885416666 0.256938232421875 0.6572434895833333 0.266833740234375
9 0.5282268880208333 0.29806689453124996 0.5286389973958333 0.277535400390625 0.46804654947916663 0.2758017578125 0.4659853515625 0.29621142578125 0.5282268880208333 0.29806689453124996
7 0.7105917968750001 0.673068359375 0.7394690755208333 0.31110302734375 0.22215006510416668 0.30105712890625 0.22380013020833334 0.715778564453125 0.7105917968750001 0.673068359375
8 0.37473079427083333 0.7267294921875 0.5824567057291667 0.70836865234375 0.5827268880208334 0.6914677734375 0.37662174479166666 0.708287841796875 0.37473079427083333 0.7267294921875
1 0.5832672526041667 0.73828076171875 0.5831321614583334 0.711660888671875 0.3733802083333333 0.728958740234375 0.37121907552083333 0.756925048828125 0.5832672526041667 0.73828076171875
2 0.19148274739583332 0.824707275390625 0.4030179036458333 0.801072021484375 0.4049840494791667 0.78105029296875 0.19108951822916667 0.802878662109375 0.19148274739583332 0.824707275390625
10 0.42267740885416666 0.827951904296875 0.4207115885416666 0.805126953125 0.1851917317708333 0.83119677734375 0.1828326822916667 0.855679931640625 0.42267740885416666 0.827951904296875
0 0.5790680338541667 0.828544189453125 0.764259765625 0.805495361328125 0.77173046875 0.733265869140625 0.5778886718749999 0.752439453125 0.5790680338541667 0.828544189453125