4 0.8552678068347407 0.9344374795029838 0.8558461949498732 0.8768878918009472 0.37488070826218545 0.8613691999018361 0.37430232014705295 0.9189187876038729 0.8552678068347407 0.9344374795029838
3 0.21633428110012215 0.9288547130194247 0.21725246180905688 0.8374957797137912 0.1036906238189018 0.8338316266216373 0.10277244310996708 0.9251905599272708 0.21633428110012215 0.9288547130194247
5 0.7761390117773004 0.8291552045922865 0.7764481214972144 0.7983988033621633 0.16689184603539606 0.7787310386349945 0.16658273631548196 0.8094874398651178 0.7761390117773004 0.8291552045922865
6 0.624500150537923 0.7910634441506185 0.624743111807896 0.7668888102868081 0.31745852137963776 0.7569740554526485 0.3172155601096648 0.781148689316459 0.624500150537923 0.7910634441506185
9 0.5058388250284098 0.7488738213744435 0.5061154859536364 0.7213460735464826 0.43717176110966904 0.7191215554597505 0.4368951001844424 0.7466493032877116 0.5058388250284098 0.7488738213744435
7 0.7573261281722244 0.7256652700052378 0.7615748355086744 0.30291910859193855 0.20131429985030472 0.28484190580553786 0.1970655925138546 0.707588067218837 0.7573261281722244 0.7256652700052378
8 0.6014763351033013 0.2967464243934946 0.6017261883697272 0.2718860372371616 0.35881186039611734 0.2640482344882298 0.3585620071296915 0.2889086216445628 0.6014763351033013 0.2967464243934946
1 0.601758215512289 0.27064328199396387 0.6021066905500214 0.23597003366597913 0.3584567024340726 0.22810849432178754 0.3581082273963404 0.2627817426497723 0.601758215512289 0.27064328199396387
2 0.7966022215986913 0.22316153128683472 0.7969065731431182 0.1928785682729014 0.5679795532740658 0.18549207592145248 0.5676752017296388 0.2157750389353858 0.7966022215986913 0.22316153128683472
10 0.798042925647451 0.18980637223544367 0.7982683748694975 0.1673741862394669 0.5415197300598696 0.1590900094646328 0.5412942808378232 0.18152219546060963 0.798042925647451 0.18980637223544367
0 0.36964765269032407 0.2090498756335222 0.37048229553477996 0.1260029555461542 0.11547840221317694 0.11777507441317507 0.1146437593687211 0.20082199450054308 0.36964765269032407 0.2090498756335222