4 0.2091193345692174 0.9090903892084046 0.5718903822701831 0.9106868007512666 0.5724419106657401 0.8487514471199139 0.21015503690570686 0.8492140392058872 0.2091193345692174 0.9090903892084046
3 0.7206977582719613 0.9229104673663469 0.8207571245470014 0.9239764171728181 0.8222212049921876 0.8354277079079693 0.7207708737736823 0.8350946910739573 0.7206977582719613 0.9229104673663469
5 0.29614424333883116 0.812122645734594 0.7100580860161791 0.8078047895728967 0.7099714600208694 0.7785080015992769 0.2983154189446394 0.7870847510596239 0.29614424333883116 0.812122645734594
6 0.3631675087545974 0.7596211492744097 0.3623346930858265 0.7835536055205727 0.631400655499192 0.7763590994621334 0.6324072729812209 0.7510741541836209 0.3631675087545974 0.7596211492744097
9 0.463214015149831 0.723827740220841 0.46507191360284555 0.7458951534942039 0.5163317206591663 0.7435750184730803 0.5189702802744206 0.7214002379913551 0.463214015149831 0.723827740220841
7 0.2789245175224544 0.38562438213150935 0.2668604260968348 0.7255378591120873 0.7456795755807256 0.7055795202431582 0.7208700047224644 0.32801826066691436 0.2789245175224544 0.38562438213150935
8 0.3970644281806001 0.36205403131345376 0.5824453304860693 0.3379684593613041 0.5818072578283049 0.321077902269502 0.396995359696506 0.34580085679858236 0.3970644281806001 0.36205403131345376
1 0.39858859291012716 0.317621134724659 0.397466101127033 0.34229405329067014 0.5812495013174513 0.31704284123875404 0.5795358689369151 0.29120163030508545 0.39858859291012716 0.317621134724659
2 0.2564238815119757 0.3163568482039655 0.42108557694309345 0.2910649751439174 0.4234373872733159 0.27240104133647114 0.2577893855434136 0.3002849942895492 0.2564238815119757 0.3163568482039655
10 0.2587750252511797 0.27524351704906397 0.2566272800567137 0.2935466144038852 0.44711905028796023 0.2621820970471057 0.4471046033544842 0.24285508849679044 0.2587750252511797 0.27524351704906397
0 0.5528529465498031 0.28143057114894937 0.8081616043264721 0.24228090439966313 0.799684441879159 0.16577050923037306 0.5566118360744939 0.20530265442248133 0.5528529465498031 0.28143057114894937