4 0.13181855073011348 0.9129375330598167 0.5678890806380454 0.887372488643625 0.5702803105416305 0.8260125419583285 0.13036307685091766 0.845073182187522 0.13181855073011348 0.9129375330598167
3 0.7058553141811582 0.8863145941317072 0.8010269730131638 0.8790625988545725 0.8055803302306349 0.8072754194696314 0.705163262372397 0.8125212575484274 0.7058553141811582 0.8863145941317072
5 0.20351540332622206 0.8136685695745143 0.758390816587619 0.7881965016801158 0.7602287191951748 0.7585180026367595 0.20341731590363613 0.7814805588386327 0.20351540332622206 0.8136685695745143
6 0.3468047345673 0.7508343038053137 0.34640516564189244 0.7737255922107535 0.633649803299946 0.7621776173897179 0.6353919753331266 0.7409491740550075 0.3468047345673 0.7508343038053137
9 0.46648768704693044 0.7117579281268158 0.46714386979779626 0.7331239526032726 0.5265086961344788 0.7310727852153507 0.5258438612620059 0.7102210923706251 0.46648768704693044 0.7117579281268158
7 0.22462258531878193 0.27764255719478326 0.22007108267091538 0.7118421438458121 0.7486633618711522 0.6949031501574903 0.7676928997993892 0.29847835076752877 0.22462258531878193 0.27764255719478326
8 0.3888273075724303 0.2729221565878491 0.6230290941316847 0.28351066575520184 0.6246665072344197 0.2641617839070026 0.39007939063545727 0.25084176854718593 0.3888273075724303 0.2729221565878491
1 0.3927756173503094 0.2119236682608579 0.39056791426220105 0.24896695227584995 0.6256509849358325 0.26041545537486993 0.626735087328307 0.22440130254990434 0.3927756173503094 0.2119236682608579
2 0.1719186831485912 0.171993033292188 0.4315958395487678 0.18488660746258448 0.4331845953336635 0.16226342851704081 0.17273356834819772 0.14811958575507272 0.1719186831485912 0.171993033292188
10 0.452867888792765 0.12912143291805675 0.1722066807701631 0.10988972395579158 0.17287862869418338 0.13980908409940881 0.4508126056806993 0.15566065025506234 0.452867888792765 0.12912143291805675
0 0.6207297519362059 0.11660405156177095 0.6229199626554512 0.20901865588878565 0.8444729748016431 0.2220154424058284 0.845800927316953 0.13230254255429835 0.6207297519362059 0.11660405156177095