4 0.6576785262318926 0.17127932159999426 0.6585560455385666 0.08885698105760467 0.15873577919493098 0.06774303904644821 0.16115550699536468 0.16216265299116206 0.6576785262318926 0.17127932159999426
3 0.7998521212879335 0.17901406967912678 0.9165122731915555 0.18449893217017393 0.9249096039166197 0.09063019243918408 0.8020843926089776 0.08574079702283582 0.7998521212879335 0.17901406967912678
5 0.24887369331976675 0.23434369516372597 0.8464679195180371 0.240377896128333 0.8482771245775821 0.21132694745492273 0.24832782840436313 0.2030630282170387 0.24887369331976675 0.23434369516372597
6 0.7216067218534932 0.27086718367312823 0.7219597212532747 0.2419665864355546 0.38929615420034547 0.23957804647647923 0.39067545395015996 0.2694893613635674 0.7216067218534932 0.27086718367312823
9 0.5251273999898769 0.3106030928281836 0.5962889176734607 0.31105837298634736 0.5970809122997878 0.28274972460290976 0.524204812045213 0.2822989713715734 0.5251273999898769 0.3106030928281836
7 0.8079753362104003 0.7139168673509825 0.837153386032437 0.3152786389205048 0.25129216017628797 0.3173506855674215 0.26806518451185163 0.7608597957622515 0.8079753362104003 0.7139168673509825
8 0.4369801245184298 0.7700520047652607 0.6614200273312134 0.7510762563466822 0.6621793715929288 0.7313603114593562 0.43700587651357037 0.7504510510730965 0.4369801245184298 0.7700520047652607
1 0.659406545834184 0.7832681152327992 0.6628896702608967 0.7562469923658881 0.4366701488358369 0.7733655835874226 0.4372530404631399 0.8067680579820204 0.659406545834184 0.7832681152327992
2 0.23054145410888813 0.8720597733767527 0.4748737658063857 0.8478236795964755 0.4738933167468392 0.8238138219528417 0.22900724681811885 0.8484728287011163 0.23054145410888813 0.8720597733767527
10 0.5005676264207154 0.8726107011123495 0.5007384730029307 0.8502264697827409 0.23062966630871018 0.877114753767327 0.23161746531969804 0.9015457987352008 0.5005676264207154 0.8726107011123495
0 0.6360124272320866 0.8815381985344497 0.8741299827186025 0.8550310554990659 0.8805658653020025 0.7734686844188141 0.6407170560286389 0.7972717339013573 0.6360124272320866 0.8815381985344497