4 0.21172135416666668 0.137434814453125 0.6688746744791666 0.167142333984375 0.6864166666666667 0.0966953125 0.21172135416666668 0.05732910156249999 0.21172135416666668 0.137434814453125
3 0.830869140625 0.185842529296875 0.938865234375 0.196315185546875 0.951068359375 0.105279052734375 0.8485634765625 0.09566625976562498 0.830869140625 0.185842529296875
5 0.3281070963541667 0.217885009765625 0.8137848307291667 0.24379223632812497 0.8180559895833334 0.214222900390625 0.3299375 0.18446923828125 0.3281070963541667 0.217885009765625
6 0.4177418619791667 0.2498046875 0.7228004557291667 0.2654912109375 0.7284850260416667 0.241108642578125 0.42130859375 0.224050537109375 0.4177418619791667 0.2498046875
9 0.5996402994791666 0.2946240234375 0.6036526692708334 0.27154541015625 0.54257421875 0.26686279296875 0.537669921875 0.28893798828125 0.5996402994791666 0.2946240234375
7 0.7308281249999999 0.63252392578125 0.8296770833333333 0.3109716796875 0.2874163411458333 0.2862392578125 0.26736328125000003 0.62579150390625 0.7308281249999999 0.63252392578125
8 0.40532942708333336 0.647586181640625 0.5946093750000001 0.651656982421875 0.5993473307291667 0.639055419921875 0.40698763020833334 0.6349677734375 0.40532942708333336 0.647586181640625
1 0.5927141927083334 0.676199951171875 0.5946093750000001 0.654544189453125 0.4043818359375 0.650607421875 0.4013020833333333 0.6703349609374999 0.5927141927083334 0.676199951171875
2 0.2311800130208333 0.705369384765625 0.42778710937500003 0.7068073730468751 0.430544921875 0.68902001953125 0.23144889322916667 0.68639599609375 0.2311800130208333 0.705369384765625
10 0.4507236328125 0.728985595703125 0.45166536458333334 0.711599853515625 0.23064192708333334 0.70920458984375 0.23144889322916667 0.725957763671875 0.4507236328125 0.728985595703125
0 0.5723544921874999 0.7427280273437499 0.7770149739583332 0.7445341796875 0.7947285156249999 0.688344482421875 0.5843453776041666 0.6830288085937499 0.5723544921874999 0.7427280273437499