4 0.6243815104166667 0.12784912109375 0.1146484375 0.12784912109375 0.1146484375 0.20425048828125 0.6243815104166667 0.20425048828125 0.6243815104166667 0.12784912109375
3 0.9042431640624999 0.114527587890625 0.7878597005208334 0.114527587890625 0.7878597005208334 0.208592529296875 0.9042431640624999 0.208592529296875 0.9042431640624999 0.114527587890625
5 0.7729964192708333 0.24368896484374997 0.25515462239583336 0.24368896484374997 0.25515462239583336 0.27662841796875 0.7729964192708333 0.27662841796875 0.7729964192708333 0.24368896484374997
6 0.6842138671875 0.279019775390625 0.3508902994791666 0.279019775390625 0.3508902994791666 0.30268432617187496 0.6842138671875 0.30268432617187496 0.6842138671875 0.279019775390625
9 0.542353515625 0.3148876953125 0.48290690104166667 0.3148876953125 0.48290690104166667 0.340322265625 0.542353515625 0.340322265625 0.542353515625 0.3148876953125
7 0.7631536458333333 0.704063232421875 0.8087034505208334 0.3453876953125 0.22427539062500002 0.3461630859375 0.26364876302083334 0.70580078125 0.7631536458333333 0.704063232421875
8 0.40651660156249997 0.7219033203125 0.6178411458333334 0.7222314453125 0.6183095703124999 0.70844482421875 0.40544563802083333 0.708243896484375 0.40651660156249997 0.7219033203125
1 0.6175065104166667 0.747816162109375 0.6188450520833334 0.72549462890625 0.4070520833333333 0.724113037109375 0.4094619140625 0.7470126953124999 0.6175065104166667 0.747816162109375
2 0.24264746093750003 0.783309814453125 0.43250878906249995 0.78393994140625 0.43250878906249995 0.76818359375 0.24180729166666667 0.769234130859375 0.24264746093750003 0.783309814453125
10 0.46527246093749997 0.806419189453125 0.46275227864583335 0.7889541015625 0.24348763020833333 0.7894023437500001 0.24572786458333334 0.8062092285156249 0.46527246093749997 0.806419189453125
0 0.8330696614583333 0.81968310546875 0.8425048828125 0.756562255859375 0.6156490885416667 0.758130615234375 0.6115468749999999 0.8227607421875 0.8330696614583333 0.81968310546875