4 0.9348750771604938 0.5665699291087963 0.9234836244936342 0.15241372974537037 0.8637628785686728 0.1500747395833333 0.8750367133246527 0.5662052083333333 0.9348750771604938 0.5665699291087963
3 0.9533588240258488 0.9143931785300926 0.9533958960262345 0.8081442129629629 0.8537778760368441 0.8024066044560186 0.8536974398389275 0.9071920283564815 0.9533588240258488 0.9143931785300926
5 0.823972088999807 0.6195808015046297 0.8213295048466436 0.4330029658564815 0.7785287235966436 0.4317347945601852 0.7806355486834491 0.6179471281828703 0.823972088999807 0.6195808015046297
6 0.7771021412037037 0.7360461877893518 0.7717180652006173 0.31394426359953703 0.7292227478780865 0.31172342303240747 0.7354937041859569 0.7340217230902778 0.7771021412037037 0.7360461877893518
9 0.7291835111641589 0.5581401765046297 0.7281225435233409 0.47618105468750005 0.6928406937210648 0.4743827473958333 0.693697530261381 0.5560466869212962 0.7291835111641589 0.5581401765046297
7 0.6727921374662423 0.7255892722800925 0.6658094756703318 0.31142710503472226 0.3604423430266203 0.3014672309027777 0.3640335895302855 0.7013011791087963 0.6727921374662423 0.7255892722800925
8 0.3376113058207948 0.6775687355324075 0.3367277892312886 0.32411352719907405 0.30520042679398146 0.3210959273726853 0.3035176468460648 0.6739683810763888 0.3376113058207948 0.6775687355324075
1 0.2974888894917052 0.6731246455439815 0.2965788803288966 0.31940098379629633 0.23889088541666667 0.3183418547453704 0.2389516673900463 0.6670314091435187 0.2974888894917052 0.6731246455439815
2 0.19510941297743056 0.1495960575810185 0.17587830885898922 0.14931765769675923 0.17655985906153548 0.36863246527777777 0.1965203082802855 0.36922388599537037 0.19510941297743056 0.1495960575810185
10 0.17466637188946763 0.3795114149305555 0.1734053397472994 0.14998299334490742 0.15478873818479938 0.1498792390046296 0.15471468038676703 0.3792155671296296 0.17466637188946763 0.3795114149305555
0 0.23729506775655865 0.867745044849537 0.23106041847511574 0.6061770326967593 0.1403818130304784 0.6016250361689816 0.1423362883391204 0.8593731843171297 0.23729506775655865 0.867745044849537