4 0.5814127604166667 0.0708056640625 0.09279947916666664 0.0708056640625 0.09279947916666664 0.1475 0.5814127604166667 0.1475 0.5814127604166667 0.0708056640625
3 0.8670426432291666 0.06470581054687499 0.7466943359375 0.06470581054687499 0.7466943359375 0.159351806640625 0.8670426432291666 0.159351806640625 0.8670426432291666 0.06470581054687499
5 0.7846272786458334 0.190059814453125 0.1776969401041667 0.190059814453125 0.1776969401041667 0.223704833984375 0.7846272786458334 0.223704833984375 0.7846272786458334 0.190059814453125
6 0.64736328125 0.22703002929687502 0.32307942708333326 0.22703002929687502 0.32307942708333326 0.25274536132812503 0.64736328125 0.25274536132812503 0.64736328125 0.22703002929687502
9 0.5225960286458333 0.26468383789062505 0.4523128255208334 0.26468383789062505 0.4523128255208334 0.293485107421875 0.5225960286458333 0.293485107421875 0.5225960286458333 0.26468383789062505
7 0.7827506510416667 0.303349609375 0.18138346354166668 0.303349609375 0.18138346354166668 0.7314111328125 0.7827506510416667 0.7314111328125 0.7827506510416667 0.303349609375
8 0.6000716145833332 0.740252685546875 0.3629361979166667 0.740252685546875 0.3629361979166667 0.760211181640625 0.6000716145833332 0.760211181640625 0.6000716145833332 0.740252685546875
1 0.6000716145833332 0.7629223632812502 0.3636588541666666 0.7629223632812502 0.3636588541666666 0.79340576171875 0.6000716145833332 0.79340576171875 0.6000716145833332 0.7629223632812502
2 0.39989583333333334 0.82538818359375 0.15959635416666665 0.82538818359375 0.15959635416666665 0.84629150390625 0.39989583333333334 0.84629150390625 0.39989583333333334 0.82538818359375
10 0.42700846354166666 0.85142333984375 0.15851236979166666 0.85142333984375 0.15851236979166666 0.87713134765625 0.42700846354166666 0.87713134765625 0.42700846354166666 0.85142333984375
0 0.8560888671875 0.813280029296875 0.6040543619791667 0.813280029296875 0.6040543619791667 0.8988928222656251 0.8560888671875 0.8988928222656251 0.8560888671875 0.813280029296875