4 0.029895899059796345 0.7836420008875324 0.5015840184283122 0.8827213654761086 0.5284153963704904 0.816132279875594 0.06592181692893696 0.7207243361304481 0.029895899059796345 0.7836420008875324
3 0.6568668495946954 0.9232769450130538 0.7713469666290521 0.9469546818781062 0.8021352658874152 0.8539569459895939 0.6879572746704915 0.830599702216278 0.6568668495946954 0.9232769450130538
5 0.1563678471894103 0.6988626222054994 0.7263694923699944 0.8142941702462428 0.7404539321540149 0.7852996082185995 0.16968248686263743 0.672697703280153 0.1563678471894103 0.6988626222054994
6 0.30665732976753984 0.6691888161316055 0.29529992780737396 0.6954121888602252 0.6002097031832783 0.7551814138868234 0.6093360020290467 0.7295871563180186 0.30665732976753984 0.6691888161316055
9 0.4397302734209653 0.6618148223537843 0.4273035749614679 0.6830996779936657 0.4884299579332474 0.6971560756118604 0.5007565928499307 0.674550709190827 0.4397302734209653 0.6618148223537843
7 0.3460323019803966 0.2996854902232679 0.1956958341802883 0.6071929071068979 0.7446281761653425 0.715666234779134 0.8074793238107237 0.38748691811235436 0.3460323019803966 0.2996854902232679
8 0.48327736515163155 0.31146618074366944 0.4770385137503613 0.3231576649209416 0.6694289286070995 0.3603767810349043 0.6729679978873938 0.34690710333126235 0.48327736515163155 0.31146618074366944
1 0.4934943556822646 0.28782157985427553 0.48309899852224947 0.3104352074762815 0.675252343855386 0.34547444366354135 0.6823589756014917 0.3215232662095705 0.4934943556822646 0.28782157985427553
2 0.3442155288170938 0.2461888839718201 0.5259125473955522 0.280617911974107 0.5318634596828764 0.26520721666270514 0.35243078728224203 0.22917013847628886 0.3442155288170938 0.2461888839718201
10 0.36088645450300544 0.2118243644986861 0.3530150074448985 0.22633033893009638 0.5517610137266868 0.26558697256554975 0.5610130351075694 0.2503638682834197 0.36088645450300544 0.2118243644986861
0 0.6863405116688587 0.3161862089265797 0.8880586097286676 0.35647031889382813 0.8954572374529873 0.2996085010821557 0.7031461578628604 0.26324863441388174 0.6863405116688587 0.3161862089265797