4 0.38898006186306117 0.19151167059031507 0.8986661662412325 0.19798059701436657 0.9002013529028828 0.12156651882518964 0.39051524852471153 0.11509759240113814 0.38898006186306117 0.19151167059031507
3 0.1090569479230315 0.19230276246072767 0.22542968749664885 0.19377976307659783 0.22731980083744027 0.09969917195527109 0.11094706126382291 0.09822217133940091 0.1090569479230315 0.19230276246072767
5 0.23892450600319595 0.26201559807681707 0.7567185871743044 0.26858743078940756 0.7573804628833536 0.2356424974817966 0.23958638171224522 0.22907066476920618 0.23892450600319595 0.26201559807681707
6 0.32717531758378693 0.2892025638845878 0.6604681717252492 0.29343271050342434 0.6609436802671863 0.26976422261796096 0.327650826125724 0.2655340759991245 0.32717531758378693 0.2892025638845878
9 0.46826631193601914 0.32864708821739147 0.5277074489061587 0.32940151400675244 0.5282185237013615 0.3039627121094288 0.4687773867312219 0.30320828632006785 0.46826631193601914 0.32864708821739147
7 0.7396015656485476 0.6977233985345335 0.7861977644059891 0.33852554985207495 0.2018391361704993 0.3303331637886853 0.24017762271081147 0.6896464382381532 0.7396015656485476 0.6977233985345335
8 0.5977686650538507 0.6983674027991208 0.3849203093857128 0.695866947888706 0.3851116663823912 0.7096618073686152 0.5964233317386872 0.7120155077679788 0.5977686650538507 0.6983674027991208
1 0.5929737502138134 0.7370916818433959 0.5958434979078191 0.7142187965002096 0.3840422831817748 0.7129127934776157 0.3849321791699951 0.73525502752544 0.5929737502138134 0.7370916818433959
2 0.7601664133349695 0.7614444876377534 0.5695035970080399 0.75797361896278 0.5691869935800039 0.7737325880244951 0.7590434888228403 0.775511850592575 0.7601664133349695 0.7614444876377534
10 0.7555032349067269 0.79837598163993 0.7580809754714749 0.7815947310820428 0.5388455376712433 0.7783637679633695 0.5359746492446568 0.7957997783861416 0.7555032349067269 0.79837598163993
0 0.38938535103680083 0.8102877088481663 0.3865821743002461 0.7455947688715305 0.15977879744687382 0.7411471644078672 0.16794481757068863 0.8043982561379002 0.38938535103680083 0.8102877088481663