4 0.58650390625 0.091090087890625 0.1076888020833333 0.091090087890625 0.1076888020833333 0.159134521484375 0.58650390625 0.159134521484375 0.58650390625 0.091090087890625
3 0.8648828124999999 0.07735595703124999 0.7622265625 0.07735595703124999 0.7622265625 0.17000244140624995 0.8648828124999999 0.17000244140624995 0.8648828124999999 0.07735595703124999
5 0.6196809895833333 0.202666015625 0.36520833333333336 0.202666015625 0.36520833333333336 0.23056640625 0.6196809895833333 0.23056640625 0.6196809895833333 0.202666015625
6 0.655615234375 0.2378759765625 0.332353515625 0.2378759765625 0.332353515625 0.2624658203125 0.655615234375 0.2624658203125 0.655615234375 0.2378759765625
9 0.517744140625 0.277489013671875 0.46083658854166665 0.277489013671875 0.46083658854166665 0.3009680175781251 0.517744140625 0.3009680175781251 0.517744140625 0.277489013671875
7 0.7804768880208334 0.307672119140625 0.1837744140625 0.307672119140625 0.1837744140625 0.739832763671875 0.7804768880208334 0.739832763671875 0.7804768880208334 0.307672119140625
8 0.6144401041666667 0.74571533203125 0.3626106770833334 0.74571533203125 0.3626106770833334 0.76379150390625 0.6144401041666667 0.76379150390625 0.6144401041666667 0.74571533203125
1 0.6157389322916667 0.767684326171875 0.3636490885416666 0.767684326171875 0.3636490885416666 0.804366455078125 0.6157389322916667 0.804366455078125 0.6157389322916667 0.767684326171875
2 0.40396647135416663 0.8261950683593751 0.16505696614583332 0.8261950683593751 0.16505696614583332 0.849527587890625 0.40396647135416663 0.849527587890625 0.40396647135416663 0.8261950683593751
10 0.43821777343749996 0.858577880859375 0.16656087239583336 0.858577880859375 0.16656087239583336 0.880845947265625 0.43821777343749996 0.880845947265625 0.43821777343749996 0.858577880859375
0 0.8660351562499999 0.817205810546875 0.6073958333333332 0.817205810546875 0.6073958333333332 0.905084228515625 0.8660351562499999 0.905084228515625 0.8660351562499999 0.817205810546875