4 0.4471758908585559 0.8520675169728408 0.450044846907828 0.9155921344312986 0.8838363599010036 0.928611846032319 0.8757385583931272 0.8565881119790737 0.4471758908585559 0.8520675169728408
3 0.2230989689075356 0.8401853194699583 0.22452570644028325 0.9169107300272773 0.30706875406128187 0.921140598355607 0.3086672758108623 0.8455363171202106 0.2230989689075356 0.8401853194699583
5 0.3591163334408094 0.7870543479918275 0.35995323877722396 0.8130446397396187 0.6907219550154612 0.8118828071734474 0.6892249213372894 0.7827897879942037 0.3591163334408094 0.7870543479918275
6 0.35929089607443837 0.7827801707986242 0.6906217635214743 0.7796161778093393 0.6897079123938143 0.7526660076816768 0.35815084299617356 0.7594531703578307 0.35929089607443837 0.7827801707986242
9 0.4854952418441893 0.7422940725501972 0.5460345395486792 0.7409813594868557 0.5464610123491579 0.7204798791817616 0.4842681178659823 0.7217537190059505 0.4854952418441893 0.7422940725501972
7 0.272653415765425 0.7193420689939196 0.7891392781772746 0.7033818991326897 0.7544093927474018 0.288982818696122 0.272563115214017 0.35613434197802474 0.272653415765425 0.7193420689939196
8 0.3974772027981523 0.3144144043586197 0.39855616755326184 0.3313191054596716 0.6026682330089913 0.3041499766363973 0.6030819979440993 0.2856239343236794 0.3974772027981523 0.3144144043586197
1 0.39654123814266135 0.3111580168398647 0.6042504747725085 0.2833280932803816 0.6041737241913262 0.2552693121931697 0.3942829329367966 0.28456030138286537 0.39654123814266135 0.3111580168398647
2 0.5689534789758524 0.21274602383270824 0.5685908094616642 0.23285501136280243 0.780068105957917 0.20028898124789407 0.7779347084146581 0.17849273343218836 0.5689534789758524 0.21274602383270824
10 0.5509922125373392 0.20958271143349677 0.7836881363933186 0.17169079374447857 0.7840865510588038 0.14710320886835773 0.547211708398078 0.18686973879371338 0.5509922125373392 0.20958271143349677
0 0.20850015561396726 0.22648112458773864 0.2068152754256922 0.2990443927340382 0.39851498777667255 0.2701394584047671 0.3912679810020883 0.19413793252309364 0.20850015561396726 0.22648112458773864