4 0.15285346821317508 0.7876194535933029 0.49907664405108015 0.7732013268976577 0.5086884857271406 0.7161324055468307 0.16811767009882922 0.7322978035190388 0.15285346821317508 0.7876194535933029
3 0.6752999528413256 0.7742998727286183 0.7666575500826988 0.7725550687120685 0.7716295893737505 0.6932068736047854 0.6761638581913741 0.6951848563252725 0.6752999528413256 0.7742998727286183
5 0.3868580615474818 0.691151375405839 0.5195136376303083 0.6896158515535027 0.5172547944010064 0.6548390458701363 0.38920820681085844 0.6620517631795965 0.3868580615474818 0.691151375405839
6 0.3001137017382942 0.6336696783185375 0.2970797392388797 0.6628171572917374 0.619357947411875 0.6418807169790599 0.6202469510895608 0.6117772511670707 0.3001137017382942 0.6336696783185375
9 0.43005556062408296 0.6163453365719207 0.4895157910668344 0.611666230256371 0.48776822805533304 0.5910439802671741 0.4302791804608016 0.5946284168533519 0.43005556062408296 0.6163453365719207
7 0.295430197420824 0.35919206542234927 0.26040117455828293 0.6034581156927309 0.6726919794906898 0.5709969197457331 0.6565321528860308 0.3173810012792592 0.295430197420824 0.35919206542234927
8 0.3482896223946294 0.3370951077992166 0.6048714974141426 0.3080239807296201 0.6040108142881111 0.2912788534443685 0.35071395551804263 0.32287985058287777 0.3482896223946294 0.3370951077992166
1 0.3478052156680357 0.2918474051570942 0.34371833372559457 0.3193864823913404 0.6139101449255895 0.28621772472933743 0.611319299531634 0.2589366169661888 0.3478052156680357 0.2918474051570942
2 0.24334092069808325 0.28069734472105246 0.43902701963315544 0.256943565542651 0.43876375515545446 0.24570418627809965 0.24378927082636906 0.26972272083015103 0.24334092069808325 0.28069734472105246
10 0.24445497272579603 0.25666516188001964 0.24273605619741798 0.2689117841251281 0.4737808908120942 0.2406659096831545 0.47270333068469667 0.2267871641310404 0.24445497272579603 0.25666516188001964
0 0.5905144894136592 0.19707610161648736 0.5951004175755825 0.24839322636803743 0.7744724120456549 0.2246823957504919 0.7695706713578624 0.17243411927702368 0.5905144894136592 0.19707610161648736