4 0.22102604166666667 0.9622280273437499 0.7018229166666666 0.89127734375 0.6780270182291667 0.8174130859375 0.21248404947916666 0.8825800781250001 0.22102604166666667 0.9622280273437499
3 0.8834944661458333 0.8803076171875 0.986609375 0.86245556640625 0.9617457682291667 0.7687919921875 0.8450550130208333 0.79196240234375 0.8834944661458333 0.8803076171875
5 0.3349713541666666 0.823659912109375 0.8273606770833334 0.753166748046875 0.8175983072916666 0.725319091796875 0.32398860677083335 0.7957373046874999 0.3349713541666666 0.823659912109375
6 0.41316015624999997 0.7818286132812501 0.7304964192708333 0.7348186035156251 0.7205107421875 0.7079250488281251 0.4069306640625 0.7529628906249999 0.41316015624999997 0.7818286132812501
9 0.5300540364583334 0.7242519531250001 0.5912496744791667 0.714355224609375 0.5863024088541666 0.690061279296875 0.5260234375 0.700334716796875 0.5300540364583334 0.7242519531250001
7 0.22176920572916664 0.37180786132812504 0.2652532552083333 0.7263095703124999 0.8370699869791666 0.647914306640625 0.7066175130208333 0.31256347656250005 0.22176920572916664 0.37180786132812504
8 0.36542089843750003 0.3501840820312499 0.5680022786458333 0.3232739257812501 0.56148046875 0.3061494140624999 0.3633828125 0.33367114257812497 0.36542089843750003 0.3501840820312499
1 0.36264453125 0.3308271484375001 0.5599671223958333 0.30461010742187505 0.5549449869791666 0.28121899414062496 0.3588779296875 0.30822094726562493 0.36264453125 0.3308271484375001
2 0.18282454427083333 0.312615966796875 0.37234147135416673 0.287912109375 0.371630859375 0.27105566406250003 0.18164029947916666 0.2966206054687501 0.18282454427083333 0.312615966796875
10 0.18105533854166664 0.27356762695312503 0.18234277343750002 0.29249609375 0.40517024739583335 0.2625837402343751 0.4029817708333333 0.24382250976562503 0.18105533854166664 0.27356762695312503
0 0.5387076822916667 0.21367822265625 0.5637333984375 0.27436914062499995 0.7529541015625 0.24780981445312497 0.729310546875 0.188572265625 0.5387076822916667 0.21367822265625