4 0.14183771701388886 0.1780081808207948 0.6140964192708334 0.1889989456741898 0.6039316695601853 0.12184897099247687 0.12643786892361109 0.10975692877121913 0.14183771701388886 0.1780081808207948
3 0.7572475405092591 0.20441000916280863 0.8756942057291668 0.20750622649016204 0.881052416087963 0.11870593774112655 0.7620383174189814 0.11527016059027774 0.7572475405092591 0.20441000916280863
5 0.3907218677662037 0.2502760760271991 0.6392935329861111 0.25556362726658954 0.6375728515625 0.22884282769097222 0.38697110821759256 0.22401497636959875 0.3907218677662037 0.2502760760271991
6 0.35995800781250004 0.27463217291184416 0.6687206018518518 0.28077337239583333 0.6705917679398148 0.2570175925925926 0.3584407262731482 0.2523931327160494 0.35995800781250004 0.27463217291184416
9 0.5456014322916667 0.31552780369888117 0.5449169849537037 0.2924277060426312 0.4818292100694444 0.2905855119116512 0.47996802662037036 0.3124379786361883 0.5456014322916667 0.31552780369888117
7 0.7496104094328703 0.6327373788339119 0.783646773726852 0.3249766052999615 0.23928041811342593 0.3132611780237268 0.2987511284722222 0.6211524215133102 0.7496104094328703 0.6327373788339119
8 0.4284069516782407 0.6385208104263117 0.6142759476273149 0.6444102551118827 0.6135752170138888 0.6317201394917051 0.42652536168981475 0.6275856155960647 0.4284069516782407 0.6385208104263117
1 0.615139771412037 0.6669973675009645 0.6133738136574074 0.6468308798707562 0.4269295138888889 0.6412257523148148 0.43113172743055556 0.6603760603539738 0.615139771412037 0.6669973675009645
2 0.28083854890046295 0.6860244604793595 0.45404587673611113 0.6909615240403163 0.4541389322916667 0.6775420386043597 0.2780061414930556 0.67327518868152 0.28083854890046295 0.6860244604793595
10 0.48042772714120374 0.7114490095727238 0.4787405815972222 0.695930086564429 0.281930150462963 0.6897238293306328 0.28530289351851856 0.7041383373119214 0.48042772714120374 0.7114490095727238
0 0.6157340205439814 0.7275860128520448 0.814031495949074 0.7342667384018132 0.8230228660300926 0.6814854371624228 0.6131848451967593 0.6746935287663967 0.6157340205439814 0.7275860128520448