4 0.17145735677083332 0.158331298828125 0.5909342447916667 0.175056640625 0.5909342447916667 0.111236083984375 0.16969726562499995 0.08614794921875 0.17145735677083332 0.158331298828125
3 0.7340843098958333 0.18826074218749997 0.816953125 0.189864501953125 0.8215000000000001 0.107274658203125 0.7352578125 0.10287329101562502 0.7340843098958333 0.18826074218749997
5 0.29231380208333335 0.23095458984375 0.7194173177083334 0.23991577148437504 0.7194173177083334 0.212028564453125 0.2917268880208333 0.2019052734375 0.29231380208333335 0.23095458984375
6 0.6619225260416667 0.268806884765625 0.6600159505208333 0.241015869140625 0.36271549479166665 0.234915771484375 0.3644755859375 0.266166015625 0.6619225260416667 0.268806884765625
9 0.4895319010416667 0.296924072265625 0.5428678385416666 0.297074462890625 0.5418785807291667 0.274548583984375 0.48983626302083333 0.27477685546875 0.4895319010416667 0.296924072265625
7 0.7484466145833333 0.669735107421875 0.7624013671875001 0.305466552734375 0.2390657552083333 0.301619384765625 0.2600283203125 0.712756591796875 0.7484466145833333 0.669735107421875
8 0.40992708333333333 0.723862548828125 0.6128024088541666 0.705405517578125 0.61360546875 0.68915625 0.4092845052083333 0.7074733886718749 0.40992708333333333 0.723862548828125
1 0.6140338541666666 0.7394482421875002 0.6149443359375 0.70881884765625 0.4086419270833333 0.7277187500000001 0.4086419270833333 0.761139892578125 0.6140338541666666 0.7394482421875002
2 0.22950911458333334 0.82428076171875 0.4409697265625 0.79953857421875 0.4378961588541667 0.777687255859375 0.22698697916666666 0.801811767578125 0.22950911458333334 0.82428076171875
10 0.4640625 0.827118896484375 0.46540234375 0.801016357421875 0.22667187500000002 0.8285380859374999 0.22730240885416667 0.855264404296875 0.4640625 0.827118896484375
0 0.6148759765625 0.826335693359375 0.8059228515625 0.80245263671875 0.811037109375 0.729322021484375 0.6163369140625 0.750697998046875 0.6148759765625 0.826335693359375