4 0.1879147131322113 0.1320125423497684 0.5773735862927718 0.16499586733776878 0.5766297448277361 0.1104421527883465 0.18517760740227554 0.06683639299972403 0.1879147131322113 0.1320125423497684
3 0.7017254906778414 0.1849222931710011 0.7815669774976644 0.19235014712828566 0.7904120581393573 0.12407537321920258 0.7072429696753786 0.11230695649694053 0.7017254906778414 0.1849222931710011
5 0.28713707100230557 0.2117773793378301 0.6939943492756707 0.24131623445185807 0.6957268770988008 0.21120818116314427 0.2883182640792385 0.18387900002095772 0.28713707100230557 0.2117773793378301
6 0.6301384272603228 0.2602043261718608 0.6322702837330029 0.2387028912869717 0.3595265763199461 0.21850777874705918 0.35914885019254295 0.24185831263546617 0.6301384272603228 0.2602043261718608
9 0.5246350201845839 0.28551853923475884 0.5249941886503506 0.2662232074013278 0.47669816710844093 0.26378765460083636 0.4746465312116256 0.28340207015852514 0.5246350201845839 0.28551853923475884
7 0.69015108711661 0.6388558464199308 0.7231419330708442 0.3019124527805318 0.2412810691915075 0.2762633669200338 0.2367104819685467 0.6606304225412823 0.69015108711661 0.6388558464199308
8 0.37409610749873323 0.676026848307236 0.5674065709726518 0.6672084548684952 0.5672830464925487 0.651433550363849 0.37484886492673875 0.6582476107971252 0.37409610749873323 0.676026848307236
1 0.5666800716206057 0.6955798732845176 0.5680335207662967 0.671093050642773 0.3749337739259964 0.6786745874951104 0.37314727281417215 0.705909543195223 0.5666800716206057 0.6955798732845176
2 0.20671525093946846 0.7612750241211155 0.40049590302306076 0.7466689344106805 0.39990879698940446 0.7265061146792299 0.20607040186483377 0.7402058495645485 0.20671525093946846 0.7612750241211155
10 0.42427067417010844 0.7681800487649061 0.4224570278713984 0.7497599226903104 0.20650815925032825 0.7661662841613522 0.20602667804692934 0.7866113113529104 0.42427067417010844 0.7681800487649061
0 0.5599005626101541 0.7771711024156935 0.7329800166586592 0.7637456154596272 0.7433247040172304 0.6918343871635656 0.5614366465106249 0.7045985735785867 0.5599005626101541 0.7771711024156935