4 0.19127714404245919 0.8187342713504295 0.5693172599724847 0.8033812185003083 0.5653280506482422 0.7554068252749764 0.1842936542526429 0.7718282081003837 0.19127714404245919 0.8187342713504295
3 0.6983195226910043 0.7474256613528077 0.7001258141837641 0.805222354119178 0.7911458952434934 0.8015017746366103 0.793096380900588 0.7426563779095735 0.6983195226910043 0.7474256613528077
5 0.23485078348219043 0.7443207369588051 0.7597483561600575 0.7253006278883312 0.7596750012869506 0.6988014857421975 0.23344005261427447 0.7198595250566524 0.23485078348219043 0.7443207369588051
6 0.3493884628129127 0.6933751965036828 0.35190961804668447 0.7135933353936074 0.6358926531003875 0.7023845789770955 0.6360279775726215 0.682409857608951 0.3493884628129127 0.6933751965036828
9 0.4587784563381342 0.6634717270370177 0.45979629730138877 0.6811204678784519 0.5166040961386807 0.6781331160447467 0.5179816624517432 0.6608992561439754 0.4587784563381342 0.6634717270370177
7 0.762290177313158 0.260250415689825 0.18041538921748562 0.2895310422618027 0.2348205600206007 0.6691609915362489 0.7430564832460093 0.6467997071399171 0.762290177313158 0.260250415689825
8 0.3449644757761515 0.26841507970744494 0.591108386744387 0.25789986322451464 0.5902417001751478 0.23807197910818143 0.341836093067027 0.24778261844289334 0.3449644757761515 0.26841507970744494
1 0.33746492719961196 0.2056067098080991 0.34225664877013184 0.2454746612026662 0.5910830086302176 0.23465243114072407 0.5909928281665001 0.19347264657653018 0.33746492719961196 0.2056067098080991
2 0.11881566422647163 0.1913937285331753 0.37083977536031437 0.18106370896558174 0.36896583298726704 0.15026682955173618 0.1147140970862605 0.1610219271033634 0.11881566422647163 0.1913937285331753
10 0.10659037350209712 0.12881606703397444 0.11250904281233227 0.1567442983736233 0.39641017869916406 0.1422723246892609 0.3950701639389095 0.11224143067570747 0.10659037350209712 0.12881606703397444
0 0.5916213547750238 0.07632386583090697 0.5934825433403048 0.177147949590346 0.8642247080543536 0.16407961550767625 0.8697300590917797 0.06529741296419396 0.5916213547750238 0.07632386583090697