4 0.1585482398176491 0.8798012429366954 0.5335668612149354 0.9071442295012565 0.5339810866974519 0.8418275338746547 0.15722040450302807 0.8212918150861769 0.1585482398176491 0.8798012429366954
3 0.7537857621151812 0.9198979133391387 0.868818935055392 0.9297732916020581 0.8779614881456941 0.8367534981524948 0.7553101734607262 0.8305321709301423 0.7537857621151812 0.9198979133391387
5 0.3934499669329232 0.7864798684022647 0.5929846686659831 0.7988411650129709 0.5940457227214861 0.7563066585164822 0.3915909264968376 0.7491041748987759 0.3934499669329232 0.7864798684022647
6 0.28350019154339867 0.7017327120701522 0.28887746424228355 0.7381667329125853 0.7215179671966697 0.7549617426647062 0.7218578251687744 0.7169679047855313 0.28350019154339867 0.7017327120701522
9 0.44047110109596344 0.6709285937808619 0.4428750110512173 0.7036905318803233 0.5368732977865966 0.7067433147353136 0.5340324570534691 0.6729891075572936 0.44047110109596344 0.6709285937808619
7 0.26893120996588754 0.32451435974114695 0.2793626119171193 0.6422096845729997 0.7040688923215891 0.6478796991875588 0.696191488396481 0.30659347933580566 0.26893120996588754 0.32451435974114695
8 0.2970675093416503 0.2683522788389081 0.2982048527450995 0.297377929488134 0.6716132569507879 0.276773643832924 0.6688741970790552 0.24395945498887894 0.2970675093416503 0.2683522788389081
1 0.663908019137905 0.1712340295534212 0.29688367963408574 0.19872641020190804 0.29757694526487577 0.26042943483108183 0.6672639740185199 0.2368257175547291 0.663908019137905 0.1712340295534212
2 0.12527615048660531 0.15100061530369546 0.34257175241205334 0.1316927574637372 0.34238716441386957 0.11135048407133877 0.12522637104835047 0.1321465537122675 0.12527615048660531 0.15100061530369546
10 0.3432432395993377 0.08847176341040727 0.12543263439441235 0.11112760904421952 0.12443737711179276 0.13086163195219558 0.34408325104739007 0.10907966947245293 0.3432432395993377 0.08847176341040727
0 0.5937803739529535 0.04073277771783142 0.6000014150950312 0.15530392700323528 0.8910794692728307 0.1367571350808889 0.8881625592139929 0.01265960636579014 0.5937803739529535 0.04073277771783142