4 0.19890275633047416 0.9290285440836658 0.5585698317493178 0.9538181235557374 0.5625036903290874 0.887129141690023 0.20321179111913518 0.8681757303827657 0.19890275633047416 0.9290285440836658
3 0.7055539799297011 0.9714880993793972 0.8080669342152248 0.9780898122787234 0.810934113247505 0.8891095838564842 0.7083723016963808 0.886523007033687 0.7055539799297011 0.9714880993793972
5 0.38553999292228336 0.8405247884139843 0.5866172109959404 0.8483258580282139 0.5867172566693797 0.8217697593288408 0.3858616365874881 0.8140918092435027 0.38553999292228336 0.8405247884139843
6 0.35628532930766954 0.7886336005524379 0.355599313827325 0.8083692616394423 0.6168725374607162 0.817954865607053 0.618962334469522 0.7928338582954674 0.35628532930766954 0.7886336005524379
9 0.45748671387841405 0.7564008691930146 0.45679223285273807 0.7768054714339478 0.5080827489692206 0.7773223556473069 0.5105557075563013 0.7573812713279298 0.45748671387841405 0.7564008691930146
7 0.2808896612815178 0.40639128052493695 0.2602185757137224 0.750540431168947 0.7371979117941044 0.7514149160637084 0.7247782252971388 0.36665572757407583 0.2808896612815178 0.40639128052493695
8 0.4005540715033366 0.38876338716775655 0.5853061950614487 0.3742951676636334 0.5845608880600002 0.35511538180768915 0.4022601331077422 0.3722937594097698 0.4005540715033366 0.38876338716775655
1 0.40078910669120504 0.3447168092251787 0.3995862137437919 0.3693246583764295 0.5891318103538339 0.35065428218611816 0.5898246896638414 0.3246535298162476 0.40078910669120504 0.3447168092251787
2 0.25916535282746256 0.3378148126474383 0.4277930932573657 0.3234994431734034 0.4296868282603174 0.3001447791508077 0.26154276984768543 0.31879320374351455 0.25916535282746256 0.3378148126474383
10 0.26076717949618505 0.2943669517167296 0.2590754872633313 0.31581171690570464 0.4508059345130836 0.2913487812105205 0.4516800242328446 0.2709314642800369 0.26076717949618505 0.2943669517167296
0 0.581238814033516 0.3150524868088198 0.8147646735095359 0.2873059017024265 0.8099196911883417 0.20787056007493737 0.5839833948964004 0.2364686753100558 0.581238814033516 0.3150524868088198