4 0.36282899321370154 0.2064662890374546 0.8728139153426773 0.19757022027438745 0.8743097769223501 0.12118048938516839 0.36432485479337445 0.13007655814823554 0.36282899321370154 0.2064662890374546
3 0.08274405258348334 0.21569192806483908 0.1991850189343183 0.21366075655653113 0.20102671545132533 0.11961014169647109 0.08458574910049037 0.12164131320477906 0.08274405258348334 0.21569192806483908
5 0.21272356988078864 0.28142688300765556 0.7308212223311341 0.2723892974983798 0.7314661435439206 0.23945486121163653 0.21336849109357534 0.24849244672091225 0.21272356988078864 0.28142688300765556
6 0.3010398393411466 0.30592935358625895 0.6345280957511391 0.3001120552074877 0.634991423746658 0.2764511086519435 0.3015031673366655 0.28226840703071476 0.3010398393411466 0.30592935358625895
9 0.4422333685203099 0.3410857560860971 0.5017093545214553 0.34004826960706824 0.5022073377111093 0.31461757310282196 0.44273135170996386 0.3156550595818508 0.4422333685203099 0.3410857560860971
7 0.7139201236447458 0.701644538944482 0.7603542923841745 0.34137445809706385 0.1756526592985874 0.35079886160246687 0.21420246462060946 0.7086248169857109 0.7139201236447458 0.701644538944482
8 0.5720053558345444 0.70656197877461 0.35903231764571364 0.7104778637689105 0.35923104545220713 0.7242542099590952 0.5706664254324295 0.7202380130973338 0.5720053558345444 0.70656197877461
1 0.5672280415167346 0.7453949666087362 0.5700874150680915 0.722456738789142 0.3581627533537201 0.7275344171340783 0.3590649232996126 0.7498291898863798 0.5672280415167346 0.7453949666087362
2 0.7345304255484014 0.764687041112204 0.5437552747013514 0.7669648640454698 0.5434467813332012 0.7827188119336541 0.7334142535024317 0.7787752438867562 0.7345304255484014 0.764687041112204
10 0.7298839804973795 0.8017249307139968 0.7324543835520515 0.7848815082375002 0.5130901768390422 0.7882600300813158 0.5102268005986831 0.8057664412001112 0.7298839804973795 0.8017249307139968
0 0.36356016409650943 0.8246583455624469 0.36072131631940463 0.7601096555887217 0.13378414389817989 0.7625007146067183 0.1419881845489148 0.8254472832870666 0.36356016409650943 0.8246583455624469