4 0.18318767639694175 0.9455333227245029 0.6677158039199254 0.8962587555924669 0.6489295092103239 0.8213977341930205 0.18001081782100417 0.8655797848048884 0.18318767639694175 0.9455333227245029
3 0.8497339231492922 0.8934638933226289 0.9538259832391723 0.8802632373839222 0.9353034086722242 0.7855743767530681 0.8173076094991736 0.8034780843360181 0.8497339231492922 0.8934638933226289
5 0.30619062600050995 0.8122219453191589 0.8022556127174792 0.7639253976162456 0.7943836173364518 0.7356664015944229 0.2971059032243685 0.7838332296032705 0.30619062600050995 0.8122219453191589
6 0.3870198042176889 0.7739454610895664 0.706830926990869 0.7412423316211936 0.6986720542095226 0.7139264643394854 0.3827414488212107 0.7448281621368089 0.3870198042176889 0.7739454610895664
9 0.5075280001826411 0.7216784458500324 0.5692566958390769 0.7145414961996633 0.56595091003492 0.690049103082139 0.5051116253997626 0.6976035852992241 0.5075280001826411 0.7216784458500324
7 0.22356442775240926 0.355726813453972 0.24315730301952632 0.7118342378466499 0.8190097338883392 0.659212721183078 0.7113494446346655 0.31832910640119666 0.22356442775240926 0.355726813453972
8 0.36835948524893597 0.34057980620836453 0.5723126551291421 0.32279984098893666 0.5669544162998125 0.30539907743349803 0.3674342940135964 0.3239915065983037 0.36835948524893597 0.34057980620836453
1 0.3668885156341889 0.3211171301110066 0.5655476516785197 0.30379327579189197 0.5621065492025844 0.2801994628588362 0.3646475613547356 0.29836387994213215 0.3668885156341889 0.3211171301110066
2 0.18867691381892707 0.2948429697386468 0.37944555457156887 0.2786800354703536 0.37986804849307926 0.261808222550097 0.18856898628451765 0.27881011009367385 0.18867691381892707 0.2948429697386468
10 0.18953283779717936 0.2557535004649459 0.18954683326668859 0.27472122017673734 0.41390419147795926 0.2548518413675327 0.41297986115552404 0.23601070198389193 0.18953283779717936 0.2557535004649459
0 0.5504381303204077 0.21199538649913274 0.571335936246937 0.2737512811107728 0.7619335471676942 0.2557213897116634 0.7423173714894284 0.19547954842153914 0.5504381303204077 0.21199538649913274