4 0.09941506860785089 0.15963354477320196 0.6406876997217723 0.16034443951872374 0.6408163812085348 0.08340235666125714 0.08994124076095089 0.08141198382573972 0.09941506860785089 0.15963354477320196
3 0.8111544952772498 0.16709912300162813 0.9245353551401166 0.16585210719417098 0.9349160120559622 0.06615534828154186 0.8193150818396003 0.066558222956605 0.8111544952772498 0.16709912300162813
5 0.19513016741721612 0.2368545952600455 0.8352785185061633 0.23722735631733963 0.8366928701899033 0.20385450528564653 0.19297954203330153 0.2056680204344656 0.19513016741721612 0.2368545952600455
6 0.6835688010873461 0.26622829028693323 0.6843154211359584 0.23986977442348748 0.34905477182861944 0.24065787128460456 0.35057938786400633 0.2675434702030931 0.6835688010873461 0.26622829028693323
9 0.5542967330493817 0.3059350780548044 0.5516075728855758 0.28178930709078454 0.4814797652911158 0.27995833753537747 0.48085936022723375 0.30491826461968735 0.5542967330493817 0.3059350780548044
7 0.7704116346172563 0.6941497628626097 0.82745190983223 0.3124691358703531 0.20122797047002827 0.310838975766769 0.23746055789914355 0.6940891237486978 0.7704116346172563 0.6941497628626097
8 0.39372340907925163 0.7155600567209675 0.6130750700271279 0.7158499184898773 0.6166061237395745 0.6998662596086656 0.39385098300297555 0.7007253244843082 0.39372340907925163 0.7155600567209675
1 0.616473219905414 0.7440089932039625 0.6160320257253789 0.7181186132081147 0.3929553401253128 0.7173671773780984 0.3920981738734404 0.7421501794424308 0.616473219905414 0.7440089932039625
2 0.21091987875667254 0.7813905017518737 0.42262558064567307 0.7815947327317565 0.4214433545435685 0.7626169143903634 0.20878788087239797 0.7625872078293148 0.21091987875667254 0.7813905017518737
10 0.4529994298634759 0.8049059809621606 0.4508016767894808 0.7839952176504148 0.2101317598540758 0.7845803754756587 0.21245562070112747 0.8051574300026273 0.4529994298634759 0.8049059809621606
0 0.6051465052623912 0.8182772533566406 0.8278469709040502 0.8178502472917081 0.8386337860508483 0.7524714937901111 0.6097844141860459 0.7520542399407198 0.6051465052623912 0.8182772533566406