4 0.13644173177083332 0.1485283203125 0.5759593098958333 0.175263671875 0.5746393229166666 0.113871337890625 0.13908138020833333 0.08069970703125 0.13644173177083332 0.1485283203125
3 0.7105862630208333 0.19110693359375 0.8108964843750001 0.1981044921875 0.8075966796874999 0.126248779296875 0.7125660807291667 0.1173369140625 0.7105862630208333 0.19110693359375
5 0.208375 0.21338623046874997 0.7647008463541667 0.24606298828125 0.7633811848958333 0.21635693359374997 0.20903483072916665 0.181204833984375 0.208375 0.21338623046874997
6 0.6395764973958333 0.261450439453125 0.638205078125 0.24019482421875 0.3512057291666667 0.223635498046875 0.3512057291666667 0.2465302734375 0.6395764973958333 0.261450439453125
9 0.5295087890625 0.290261962890625 0.5305374348958333 0.269425048828125 0.47121744791666664 0.266338134765625 0.4701884765625 0.287689453125 0.5295087890625 0.290261962890625
7 0.7641350911458332 0.706162841796875 0.7520270182291666 0.30946630859375 0.22381087239583336 0.2833046875 0.22078385416666665 0.7175175781250002 0.7641350911458332 0.706162841796875
8 0.3857477213541667 0.747201904296875 0.6205315755208333 0.73797802734375 0.6192320963541667 0.718603515625 0.38488118489583334 0.72510302734375 0.3857477213541667 0.747201904296875
1 0.6219059244791666 0.7777685546875 0.6214505208333334 0.741740966796875 0.38620345052083327 0.7490849609375 0.3877643229166666 0.7861611328125 0.6219059244791666 0.7777685546875
2 0.16664225260416665 0.846115234375 0.42730045572916664 0.83651904296875 0.4261067708333333 0.81387158203125 0.166244140625 0.822231201171875 0.16664225260416665 0.846115234375
10 0.44481054687500005 0.8434284667968751 0.16664225260416665 0.8544270019531249 0.1654482421875 0.884330078125 0.44640234375 0.86999951171875 0.44481054687500005 0.8434284667968751
0 0.8393310546875 0.873676513671875 0.8395690104166667 0.7839541015625 0.6178229166666667 0.793082275390625 0.6140201822916667 0.885444580078125 0.8393310546875 0.873676513671875