4 0.22939680989583333 0.173560546875 0.613193359375 0.166135986328125 0.6114547526041667 0.100511962890625 0.22244205729166666 0.11129541015625 0.22939680989583333 0.173560546875
3 0.7800152994791666 0.174112548828125 0.8953271484375 0.170341552734375 0.8930332031250001 0.076641845703125 0.7800152994791666 0.0828017578125 0.7800152994791666 0.174112548828125
5 0.2841435546875 0.23824267578125 0.8093037109375 0.23757104492187497 0.8082119140625001 0.207116943359375 0.2797763671875 0.209983642578125 0.2841435546875 0.23824267578125
6 0.6761031901041668 0.268958984375 0.6755572916666666 0.241153564453125 0.38950292968750005 0.241109619140625 0.3900491536458333 0.264863525390625 0.6761031901041668 0.268958984375
9 0.5014427083333334 0.30213330078125 0.5531490885416667 0.30351391601562505 0.5518880208333333 0.28026708984375 0.5014427083333334 0.28026708984375 0.5014427083333334 0.30213330078125
7 0.7801507161458333 0.72577734375 0.8019241536458332 0.315812255859375 0.2863597005208333 0.303445556640625 0.3034674479166667 0.665104736328125 0.7801507161458333 0.72577734375
8 0.42976595052083333 0.705200927734375 0.6317119140625 0.7327663574218751 0.632833984375 0.712986572265625 0.4289244791666666 0.68815673828125 0.42976595052083333 0.705200927734375
1 0.6300289713541667 0.763908935546875 0.6324833984375 0.735524658203125 0.4280833333333333 0.70730517578125 0.4303271484375 0.73529150390625 0.6300289713541667 0.763908935546875
2 0.2817451171875 0.754240966796875 0.45372688802083333 0.7790859375000001 0.4533746744791667 0.75861865234375 0.28033658854166665 0.734466552734375 0.2817451171875 0.754240966796875
10 0.48713444010416673 0.8103908691406251 0.488271484375 0.791452392578125 0.2813190104166666 0.757499755859375 0.2831383463541667 0.77865625 0.48713444010416673 0.8103908691406251
0 0.8665804036458334 0.891995361328125 0.8726897786458332 0.8110798339843751 0.6364947916666666 0.7786105957031251 0.6331113281249999 0.85391845703125 0.8665804036458334 0.891995361328125