4 0.5935806674438646 0.8659828520201702 0.11467926654858786 0.8232140166168053 0.11313146437722323 0.8910333024754985 0.5920328652725 0.9338021378788635 0.5935806674438646 0.8659828520201702
3 0.8722569577019722 0.8800163184100156 0.7695822059912509 0.8708468326916861 0.767474782619325 0.9631867652296536 0.8701495343300465 0.9723562509479832 0.8722569577019722 0.8800163184100156
5 0.6283885865709591 0.7977507747475273 0.3738700667766306 0.7750207082665312 0.37323541846066216 0.8028287811305529 0.6277539382549906 0.8255588476115489 0.6283885865709591 0.7977507747475273
6 0.6650549216168683 0.769166637619597 0.34173494148670236 0.7402921783113643 0.3411755979586631 0.7648006583504285 0.664495578088829 0.7936751176586613 0.6650549216168683 0.769166637619597
9 0.5280347862947135 0.7184768834550742 0.47111697777724654 0.7133937736970886 0.4705829024486967 0.7367950894770409 0.5275007109661636 0.7418781992350266 0.5280347862947135 0.7184768834550742
7 0.8007977129205612 0.30453214423846753 0.20398769542191747 0.2512333454507385 0.19415736619943658 0.6819640421499913 0.7909673836980803 0.7352628409377202 0.8007977129205612 0.30453214423846753
8 0.635275992156284 0.265821902821068 0.38340117791716566 0.2433279354776698 0.38299000044679204 0.26134429630066736 0.6348648146859104 0.28383826364406556 0.635275992156284 0.265821902821068
1 0.637498010064176 0.22549722165838848 0.385362732223559 0.2029799933162122 0.3845283262953629 0.23954074714732215 0.6366636041359799 0.26205797548949844 0.637498010064176 0.22549722165838848
2 0.4267146586899416 0.1615695299498002 0.18776209488016907 0.1402295989082808 0.18723135162188154 0.1634849150057129 0.426183915431654 0.18482484604723232 0.4267146586899416 0.1615695299498002
10 0.46168453049912583 0.13341420069126345 0.18997866880091296 0.10914919905339714 0.18947213858653184 0.13134358412451552 0.4611780002847447 0.15560858576238185 0.46168453049912583 0.13341420069126345
0 0.8901303652928528 0.14746972482664789 0.6314444278745478 0.12436748236520215 0.6294454633896613 0.21195512523713583 0.8881314008079664 0.23505736769858157 0.8901303652928528 0.14746972482664789