4 0.5886962890624999 0.07613037109375 0.13151855468749998 0.07613037109375 0.13151855468749998 0.14576416015625 0.5886962890624999 0.14576416015625 0.5886962890624999 0.07613037109375
3 0.8381624348958333 0.070494384765625 0.7277294921874999 0.070494384765625 0.7277294921874999 0.155159912109375 0.8381624348958333 0.155159912109375 0.8381624348958333 0.070494384765625
5 0.6993359375 0.17824462890625 0.27931640625000004 0.17824462890625 0.27931640625000004 0.20760986328125 0.6993359375 0.20760986328125 0.6993359375 0.17824462890625
6 0.6414143880208334 0.21127197265625 0.3316910807291667 0.21127197265625 0.3316910807291667 0.23598876953125 0.6414143880208334 0.23598876953125 0.6414143880208334 0.21127197265625
9 0.5176334635416666 0.247935791015625 0.45215169270833333 0.247935791015625 0.45215169270833333 0.272962646484375 0.5176334635416666 0.272962646484375 0.5176334635416666 0.247935791015625
7 0.7746793619791666 0.276256103515625 0.20003417968750004 0.276256103515625 0.20003417968750004 0.705941162109375 0.7746793619791666 0.705941162109375 0.7746793619791666 0.276256103515625
8 0.601689453125 0.71384521484375 0.3685709635416667 0.71384521484375 0.3685709635416667 0.7343823242187499 0.601689453125 0.7343823242187499 0.601689453125 0.71384521484375
1 0.6018863932291666 0.73692626953125 0.3681852213541667 0.73692626953125 0.3681852213541667 0.77228759765625 0.6018863932291666 0.77228759765625 0.6018863932291666 0.73692626953125
2 0.3943440755208333 0.8023693847656251 0.16074055989583333 0.8023693847656251 0.16074055989583333 0.824490966796875 0.3943440755208333 0.824490966796875 0.3943440755208333 0.8023693847656251
10 0.4320345052083333 0.83575439453125 0.16083658854166666 0.83575439453125 0.16083658854166666 0.8584838867187501 0.4320345052083333 0.8584838867187501 0.4320345052083333 0.83575439453125
0 0.8705013020833333 0.789761962890625 0.5999153645833333 0.789761962890625 0.5999153645833333 0.8796618652343751 0.8705013020833333 0.8796618652343751 0.8705013020833333 0.789761962890625