4 0.20326031630397504 0.8652640264275604 0.6125808529635797 0.8799087587190968 0.6139268735876777 0.8151975808079845 0.20245472149520136 0.8042767816505473 0.20326031630397504 0.8652640264275604
3 0.7368634191867703 0.8869561621881833 0.8557689984707099 0.8920479480939507 0.8614243951785762 0.8130548820843978 0.740345418505845 0.8071452259832042 0.7368634191867703 0.8869561621881833
5 0.25110794467866066 0.7760119897132826 0.8069229291395552 0.7828203351461405 0.8089420993972569 0.7544662262523375 0.24966386668822252 0.7491624857821907 0.25110794467866066 0.7760119897132826
6 0.3623293161928111 0.722878529602245 0.3646299786047277 0.7477177688623944 0.6624892183116087 0.7499790456589871 0.6638769138663997 0.7252327714345793 0.3623293161928111 0.722878529602245
9 0.47626277064071376 0.6903331405969392 0.4768152156133054 0.7127004438464029 0.5413510787989309 0.7124255834536256 0.5404742647163147 0.6902636925101796 0.47626277064071376 0.6903331405969392
7 0.25081433518173674 0.2947621348010048 0.254456170779112 0.6847869167304831 0.7833717703598774 0.6834556103384097 0.7972081021463907 0.2472316979166172 0.25081433518173674 0.2947621348010048
8 0.3868756221859865 0.2783868965276933 0.62525709959703 0.25700110357691935 0.6258274370076718 0.23066204798647155 0.38781467037846157 0.25467768897842036 0.3868756221859865 0.2783868965276933
1 0.6247818456605709 0.1904789802179243 0.3908266428877589 0.21718790263170804 0.389122256959975 0.2518288602043806 0.6257853527416251 0.22714602195131858 0.6247818456605709 0.1904789802179243
2 0.21635243053637446 0.20782973228195353 0.42668735676950553 0.18388423122969827 0.42512486319763204 0.15964937521208195 0.21751907556098263 0.18606455565527127 0.21635243053637446 0.20782973228195353
10 0.21710721423619195 0.15745738282133653 0.21809092622330675 0.17907359110141063 0.4529191232652775 0.1498237578648024 0.45277674843346494 0.12295040101836577 0.21710721423619195 0.15745738282133653
0 0.6317892568129443 0.07576186806097504 0.6334448149544655 0.1749960899592498 0.9015740142851542 0.14182939693253857 0.9038594732259442 0.040138923163709865 0.6317892568129443 0.07576186806097504