4 0.3026962095573182 0.7871516858562937 0.2798627465989558 0.8492841737481679 0.749375774527529 0.9051436365681214 0.7586086987103774 0.8356899793498245 0.3026962095573182 0.7871516858562937
3 0.020312752463239356 0.8269595561119731 0.12049388960185227 0.8430395307609774 0.1514333285479843 0.7648028576144072 0.058682203672511306 0.7508535585325308 0.020312752463239356 0.8269595561119731
5 0.24451262485974634 0.7140361970763052 0.2280436278224634 0.7407670523263556 0.5769342258096697 0.7816625813463924 0.5863810577080583 0.7513952170340809 0.24451262485974634 0.7140361970763052
6 0.26884057089118096 0.6888646690231934 0.2622846666051293 0.7115782651150468 0.5682893289157896 0.7464791683010645 0.5846301430079801 0.7213899671815632 0.26884057089118096 0.6888646690231934
9 0.3958655759528269 0.6898764129363224 0.4543723543157285 0.6987334331878293 0.46489924758050244 0.6767379517473662 0.40401383109089434 0.6689471570501986 0.3958655759528269 0.6898764129363224
7 0.1765666807710026 0.6395075277674946 0.7037763326649712 0.6955758445102401 0.7607596291234549 0.37969234279196895 0.3207489706308169 0.34399653912909356 0.1765666807710026 0.6395075277674946
8 0.4549221202470381 0.3368258774081492 0.4521305788166796 0.35143381406604357 0.6347281425457403 0.366519661534531 0.6372390964952752 0.35280534140030134 0.4549221202470381 0.3368258774081492
1 0.4538513310893959 0.3331727768123752 0.6392161788328387 0.35121276707842075 0.6428459645839264 0.33234586108322295 0.4591099551632019 0.3149886020491659 0.4538513310893959 0.3331727768123752
2 0.6223941357059863 0.2969378267444626 0.6175665589514899 0.31276142736825846 0.8026523671582336 0.3278442017619639 0.8036369438446103 0.31242197299559776 0.6223941357059863 0.2969378267444626
10 0.6032873947204526 0.29210342378047366 0.8044005054436825 0.3104592713053447 0.80512093298356 0.29217002028489486 0.6087537491902242 0.27539670277168915 0.6032873947204526 0.29210342378047366
0 0.2984773135235131 0.24005147075377684 0.2710588942654719 0.2905421165457303 0.45973924579475567 0.3079264542424528 0.4821528036643569 0.25483681001545416 0.2984773135235131 0.24005147075377684