4 0.20617513020833333 0.17546435546875003 0.608193359375 0.18157739257812497 0.6072542317708333 0.124022705078125 0.20053938802083332 0.106405517578125 0.20617513020833333 0.17546435546875003
3 0.7612985026041665 0.19449072265625003 0.8495921223958334 0.197309326171875 0.8505315755208334 0.11627099609375 0.7659951171875 0.11133837890625 0.7612985026041665 0.19449072265625003
5 0.4748134765625 0.250865234375 0.6128899739583333 0.25114404296875 0.6157076822916666 0.21422167968750003 0.4748134765625 0.208584228515625 0.4748134765625 0.250865234375
6 0.7040016276041667 0.291031982421875 0.7056451822916666 0.256427490234375 0.3667945963541666 0.254388671875 0.36585546874999997 0.28821337890625 0.7040016276041667 0.291031982421875
9 0.5771966145833333 0.32978955078125005 0.5790751953125001 0.298078857421875 0.5020530598958334 0.29666943359375 0.503931640625 0.328380126953125 0.5771966145833333 0.32978955078125005
7 0.7340589192708333 0.649635986328125 0.7537841796875 0.33039697265625 0.3066796875 0.3346435546875 0.3160725911458333 0.675004638671875 0.7340589192708333 0.649635986328125
8 0.37488899739583337 0.7211230468749998 0.6934567057291666 0.700436279296875 0.6946302083333333 0.672707275390625 0.37606249999999997 0.6929538574218749 0.37488899739583337 0.7211230468749998
1 0.7022568359375 0.744450439453125 0.6974166666666667 0.7063271484375 0.3737158203125 0.72640478515625 0.37547558593749997 0.768658203125 0.7022568359375 0.744450439453125
0 0.6541490885416666 0.842585693359375 0.8553805338541666 0.824539794921875 0.8600742187500001 0.7453144531250001 0.6518024088541666 0.7646806640625 0.6541490885416666 0.842585693359375
2 0.22117871093750002 0.837744140625 0.4891451822916667 0.813029541015625 0.48459830729166664 0.794170166015625 0.2200052083333333 0.816617431640625 0.22117871093750002 0.837744140625
10 0.5274261067708333 0.827620849609375 0.5236126302083334 0.8119296875 0.21824511718749998 0.8395046386718751 0.21941861979166666 0.856230224609375 0.5274261067708333 0.827620849609375