4 0.9773177312289979 0.2281045586133469 0.504483131965217 0.11755660759700394 0.47850252985444447 0.18348494172410573 0.9420981725114799 0.290138118391537 0.9773177312289979 0.2281045586133469
3 0.34872219868740434 0.07322641450537781 0.23396850891935983 0.04676517461548416 0.2043668357025039 0.13900279191970807 0.3188144055270231 0.16513622266182568 0.34872219868740434 0.07322641450537781
5 0.8519505123606388 0.3097959965971169 0.2806179473735553 0.18050497657559775 0.26690451725050746 0.2091533852687768 0.8389708158413678 0.33563382593425284 0.8519505123606388 0.3097959965971169
6 0.702072443690409 0.3358085745075192 0.713094617970686 0.30986466235204774 0.407497986556141 0.24268138985455656 0.39869841593040267 0.2680505610108104 0.702072443690409 0.3358085745075192
9 0.5691240791661992 0.33994294700003747 0.5812779329266021 0.3189630040754375 0.5199875469143874 0.30342052565820277 0.5079504806689015 0.3257232616059117 0.5691240791661992 0.33994294700003747
7 0.667392872997197 0.7043107321964389 0.8137943019713098 0.4004979058290268 0.2636143700400635 0.2786770898074869 0.2049400130298464 0.6052886607089144 0.667392872997197 0.7043107321964389
8 0.5300304341748295 0.6891910994520596 0.5361195526580308 0.6776528139645545 0.3433020110321636 0.6357555627340564 0.3399345964207934 0.6491375435858627 0.5300304341748295 0.6891910994520596
1 0.5201156999827635 0.7125842944633554 0.5302218344524139 0.6902262942996655 0.3376689532612842 0.6505144400710946 0.33086774005268116 0.674289876868674 0.5201156999827635 0.7125842944633554
2 0.6698876907582089 0.7578453518735029 0.48779643479473606 0.7189981240444683 0.4820423569719454 0.7342621973118588 0.6618901892815947 0.7746621785639074 0.6698876907582089 0.7578453518735029
10 0.6536564826858847 0.7918001446778274 0.6613421211209756 0.7774874298822441 0.4621446307053042 0.7333982132651636 0.45308783513986584 0.7483943739496272 0.6536564826858847 0.7918001446778274
0 0.3269548202825248 0.6795294115152056 0.12477290083565157 0.6343405021240515 0.1180971477146251 0.6910156561370278 0.31082447519280215 0.7320518266805053 0.3269548202825248 0.6795294115152056