4 0.19778230667047156 0.18447174211341275 0.5996516321399352 0.1735731424074756 0.5958527899387002 0.11610812174978415 0.1887203221314993 0.11571123110555935 0.19778230667047156 0.18447174211341275
3 0.7532262087387941 0.17999855400416762 0.8415604915256003 0.1790796805614106 0.8384708532032353 0.0980719253372065 0.7537844228941865 0.09671968249614375 0.7532262087387941 0.17999855400416762
5 0.46986593413671934 0.24844315204128714 0.607800787688573 0.24288075263641676 0.6087800860578306 0.20587123063661103 0.4677643446171442 0.2061988328936543 0.46986593413671934 0.24844315204128714
6 0.7007924726243543 0.2788798409497049 0.7007141501299456 0.24423584836270815 0.36214383853920784 0.2565329892811095 0.3628870353445829 0.290368074371485 0.7007924726243543 0.2788798409497049
9 0.5760567237823729 0.3229679351735141 0.5763569997431988 0.2912052883371081 0.4993515510372401 0.29305530799211416 0.5028042052098886 0.324659017912764 0.5760567237823729 0.3229679351735141
7 0.7486404285297001 0.6359011932209796 0.7524756075968225 0.3161047536445127 0.3060857232112596 0.3392612403356147 0.33238579381694383 0.678929654880202 0.7486404285297001 0.6359011932209796
8 0.3934282895829349 0.722519972047897 0.7106089844330366 0.688374978138578 0.7104028873456 0.6606203923830846 0.39320031294667535 0.6943255826891447 0.3934282895829349 0.722519972047897
1 0.721586940363039 0.7319786811910589 0.7148572929921225 0.6940932200253231 0.39251896405035325 0.7278467556259622 0.39637696607835954 0.7699890685258459 0.721586940363039 0.7319786811910589
0 0.678411212969528 0.8320638571125449 0.878519054356646 0.8055210454549616 0.879269534882039 0.7261658924212784 0.6721948842996052 0.754325695220289 0.678411212969528 0.8320638571125449
2 0.2456877969468593 0.8455421878497383 0.5121240375144812 0.8095134101578481 0.5066448725747847 0.7908627428942501 0.24346550681655096 0.8244834522192396 0.2456877969468593 0.8455421878497383
10 0.5510871150958894 0.82247268338894 0.5464979995686517 0.8069564554883968 0.24284501307786724 0.8474252563659391 0.24484854412518603 0.8640866877502106 0.5510871150958894 0.82247268338894