4 0.6115706380208332 0.076353759765625 0.17329264322916663 0.076353759765625 0.17329264322916663 0.14970581054687504 0.6115706380208332 0.14970581054687504 0.6115706380208332 0.076353759765625
3 0.8507373046875001 0.0773486328125 0.7453043619791666 0.0773486328125 0.7453043619791666 0.16025878906250005 0.8507373046875001 0.16025878906250005 0.8507373046875001 0.0773486328125
5 0.2937861328125 0.20847290039062497 0.7406718750000001 0.2142568359375 0.7406718750000001 0.18264501953125 0.2931240234375 0.18016162109375 0.2937861328125 0.20847290039062497
6 0.6609342447916667 0.240465576171875 0.6624635416666668 0.21608544921875 0.37572395833333333 0.212930419921875 0.37495963541666666 0.235015869140625 0.6609342447916667 0.240465576171875
9 0.5454739583333333 0.2697216796875 0.5419371744791667 0.249893310546875 0.490419921875 0.24849658203125 0.48812597656249995 0.26914794921875 0.5454739583333333 0.2697216796875
7 0.7538945312499999 0.65003369140625 0.775072265625 0.278534912109375 0.25260807291666665 0.2726953125 0.26046809895833334 0.64937841796875 0.7538945312499999 0.65003369140625
8 0.4075182291666667 0.669169677734375 0.608193359375 0.669998291015625 0.6085615234374999 0.6556337890625 0.4075182291666667 0.655357421875 0.4075182291666667 0.669169677734375
1 0.608193359375 0.702042236328125 0.6103105468750001 0.673896240234375 0.4071500651041667 0.673313232421875 0.4075182291666667 0.7025947265625 0.608193359375 0.702042236328125
2 0.23832486979166667 0.742823974609375 0.42979492187499996 0.744205322265625 0.4283219401041667 0.72652587890625 0.23685221354166666 0.72624951171875 0.23832486979166667 0.742823974609375
10 0.46109277343750005 0.768790771484375 0.4588834635416667 0.7519108886718752 0.2364837239583333 0.75193994140625 0.23685221354166666 0.768790771484375 0.46109277343750005 0.768790771484375
0 0.8306337890625 0.79328173828125 0.8363141276041667 0.7162922363281251 0.6053193359375 0.713451171875 0.5996393229166667 0.790440673828125 0.8306337890625 0.79328173828125