4 0.576040943287037 0.8455144133391203 0.11886320891203705 0.8522874168113426 0.11783159722222224 0.9219212058738426 0.5750093315972222 0.9151482024016203 0.576040943287037 0.8455144133391203
3 0.8256462854456018 0.8324228666329089 0.7152133427372684 0.8340589102285878 0.7139590386284722 0.9187244375723379 0.8243919813368055 0.9170883939766589 0.8256462854456018 0.8324228666329089
5 0.6875968243634261 0.7820296043113425 0.26757729311342593 0.7882521158854167 0.2671422526041667 0.8176173502604167 0.6871617838541667 0.8113948386863427 0.6875968243634261 0.7820296043113425
6 0.6300957031250001 0.7545087950906636 0.3203723958333334 0.7590972885320215 0.32000622106481486 0.7838140854070216 0.6297295283564815 0.7792255919656635 0.6300957031250001 0.7545087950906636
9 0.5068625397858796 0.719368709611304 0.4413807689525463 0.7203388099199459 0.44101000072337965 0.745365665388696 0.5064917715567129 0.744395565080054 0.5068625397858796 0.719368709611304
7 0.7703229347511574 0.2825821066020448 0.19567775245949082 0.29109536856192136 0.18931204788773157 0.7207804271556713 0.7639572301793981 0.7122671651957947 0.7703229347511574 0.2825821066020448
8 0.5977543764467592 0.2567037579571759 0.3646358868634259 0.2601573652102624 0.36433163339120367 0.2806944745852624 0.597450122974537 0.277240867332176 0.5977543764467592 0.2567037579571759
1 0.5985128761574073 0.21879556688850307 0.36481170428240745 0.2222578064718364 0.36428783275462967 0.25761913459683644 0.5979890046296296 0.25415689501350314 0.5985128761574073 0.21879556688850307
2 0.39174394169560184 0.16966689875096452 0.1581404260706018 0.17312769157503863 0.15781269892939812 0.1952492736062885 0.39141621455439807 0.19178848078221442 0.39174394169560184 0.16966689875096452
10 0.4299379701967592 0.1351156020929783 0.15874005353009257 0.13913334900655855 0.15840332031249998 0.16186284119405864 0.42960123697916663 0.15784509428047838 0.4299379701967592 0.1351156020929783
0 0.8687185149016203 0.10744181917920523 0.5981325774016204 0.11145049973476079 0.5968007269965278 0.20135040207851082 0.8673866644965278 0.1973417215229553 0.8687185149016203 0.10744181917920523