4 0.6006384121312868 0.0645075437956656 0.12388878165077762 0.06576579399851795 0.1235544798039574 0.13590996472760128 0.6003041102844665 0.13465171452474894 0.6006384121312868 0.0645075437956656
3 0.872128605413714 0.05822409206158695 0.7703110105361607 0.058492811744241986 0.7698676020994006 0.15153003958679942 0.8716851969769541 0.1512613199041444 0.872128605413714 0.05822409206158695
5 0.7288564252799966 0.16951470754788722 0.2799942208532191 0.17069935652014437 0.27981991330088274 0.20727306625806338 0.7286821177276602 0.20608841728580624 0.7288564252799966 0.16951470754788722
6 0.7253674432247433 0.20919071692565097 0.28112546735257693 0.2103631720688113 0.2809959381874086 0.2375413523941185 0.7252379140595749 0.2363688972509582 0.7253674432247433 0.20919071692565097
9 0.5436628732105511 0.2472445964451822 0.45917032141903463 0.24746759141703786 0.4590368124699756 0.2754808213938818 0.543529364261492 0.2752578264220262 0.5436628732105511 0.2472445964451822
7 0.8000666423723705 0.2778635446403684 0.20485812868265327 0.2794344346530878 0.20275138004188378 0.7214784668563283 0.7979598937316011 0.719907576843609 0.8000666423723705 0.2778635446403684
8 0.6147669021083847 0.7269737124067459 0.36846215970480684 0.7276237663811567 0.3683568001628578 0.7497306071560496 0.6146615425664357 0.7490805531816387 0.6147669021083847 0.7269737124067459
1 0.6146464798990955 0.7518994604686148 0.36909386772533803 0.7525475294010796 0.36891825685196133 0.7893947056915487 0.6144708690257188 0.7887466367590839 0.6146464798990955 0.7518994604686148
2 0.40072960874347047 0.8117554774781526 0.16474956313106404 0.8123782822403955 0.16462793534970213 0.8378985715908683 0.4006079809621086 0.8372757668286254 0.40072960874347047 0.8117554774781526
10 0.4415375035531175 0.841206208736294 0.16416424750042033 0.8419382595516085 0.16403317064151665 0.869441181408069 0.44140642669421387 0.8687091305927547 0.4415375035531175 0.841206208736294
0 0.8778033251081614 0.8053481846775048 0.6068475958215944 0.8060632981868645 0.6064383646517557 0.8919293540219266 0.8773940939383228 0.8912142405125671 0.8778033251081614 0.8053481846775048