5 0.4594808906207113 0.7843381301113104 0.5808917434395575 0.7804374484621062 0.5778711267803147 0.7476677620342043 0.4573771965394538 0.7532339426714806 0.4594808906207113 0.7843381301113104
6 0.35875408998421077 0.7522654514347389 0.6906239363771097 0.7374229397624689 0.6905022118138285 0.697861740145013 0.35790186876981334 0.7201084730470517 0.35875408998421077 0.7522654514347389
9 0.48116561249458173 0.7007389471353593 0.5451228162779203 0.6976602562884089 0.5401110542262666 0.6678024181179418 0.4801701287888245 0.6722754765299457 0.48116561249458173 0.7007389471353593
7 0.2889102120103185 0.3697913869418686 0.31221345922669447 0.677695674278911 0.7367903472530815 0.6470123605098699 0.6838458516596576 0.30831307703021915 0.2889102120103185 0.3697913869418686
4 0.24300463261096944 0.8848879027259686 0.5957628719014212 0.8759755437130137 0.593062723123107 0.8135031172137667 0.23800542875358158 0.8239024893238464 0.24300463261096944 0.8848879027259686
3 0.765601976601163 0.892156941024993 0.8785633492949182 0.8879037837542195 0.8765003760009862 0.7918513810981321 0.7580436571977748 0.7999528128097126 0.765601976601163 0.892156941024993
8 0.3314139238138707 0.34113192226627526 0.6291758068939993 0.29554364493248353 0.6246021058072616 0.26740360035179733 0.33134678003427387 0.31726927791097553 0.3314139238138707 0.34113192226627526
1 0.6191635731856971 0.21949523754691486 0.3232051635438218 0.2732548218979605 0.33035846304285205 0.3132752384483657 0.6272358500118115 0.26265984559602534 0.6191635731856971 0.21949523754691486
2 0.2031199933980893 0.2627060619228431 0.4193629831537881 0.22501377086750451 0.4176180275964591 0.20558574982249417 0.20408923060944306 0.24480195605336497 0.2031199933980893 0.2627060619228431
10 0.20418482228833726 0.22738866845734507 0.20310327825084493 0.24392274053437718 0.45592856675956667 0.19912620562623307 0.4536551951439654 0.17882425901947213 0.20418482228833726 0.22738866845734507
0 0.5836275594951036 0.12873659649100372 0.5953935657730066 0.20751253014767926 0.8142070036666211 0.16084104885744013 0.8033838069485207 0.08484471324906846 0.5836275594951036 0.12873659649100372