4 0.05645084635416667 0.2282138671875 0.5162945963541667 0.170544677734375 0.49570442708333334 0.104636962890625 0.026252278645833335 0.162821044921875 0.05645084635416667 0.2282138671875
4 0.6726067708333333 0.170681640625 0.7815624999999999 0.15712744140625 0.7611438802083333 0.067700927734375 0.6568212890625 0.079543701171875 0.6726067708333333 0.170681640625
5 0.30130045572916664 0.265423828125 0.5456350911458334 0.23948754882812498 0.5394583333333333 0.2144482421875 0.2923779296875 0.241223388671875 0.30130045572916664 0.265423828125
6 0.276869140625 0.29716455078125 0.580181640625 0.26588134765625 0.5782496744791666 0.2402763671875 0.2672096354166667 0.2743369140625 0.276869140625 0.29716455078125
9 0.4652320963541666 0.310208984375 0.45822884114583334 0.29078515625 0.3976145833333333 0.299700927734375 0.4043763020833333 0.316731201171875 0.4652320963541666 0.310208984375
7 0.7436666666666667 0.616402099609375 0.7134677734375001 0.2941728515625 0.16300260416666668 0.350891845703125 0.2816783854166667 0.66144873046875 0.7436666666666667 0.616402099609375
8 0.4197571614583333 0.662611572265625 0.6041523437499999 0.64449609375 0.6004876302083333 0.6328818359375 0.41655013020833337 0.65144140625 0.4197571614583333 0.662611572265625
1 0.6130859375000001 0.668310791015625 0.6073020833333334 0.6470729980468751 0.41700846354166665 0.664358154296875 0.4236510416666666 0.68497998046875 0.6130859375000001 0.668310791015625
2 0.2771083984375 0.729945556640625 0.4555481770833333 0.7132763671875 0.4493636067708333 0.696435302734375 0.27000748697916666 0.714651123046875 0.2771083984375 0.729945556640625
10 0.4823483072916666 0.72960205078125 0.4761637369791667 0.714135498046875 0.2780247395833333 0.7325234375 0.28466764322916666 0.74781787109375 0.4823483072916666 0.72960205078125
0 0.6242197265625 0.731212646484375 0.8249358723958333 0.7124416503906251 0.8233177083333333 0.65681982421875 0.6107568359375 0.677603271484375 0.6242197265625 0.731212646484375