4 0.6802207787918179 0.19525857436881758 0.6829736074274915 0.11317438038453718 0.18337510079292837 0.05486548107608966 0.18364832349681953 0.1491530824835617 0.6802207787918179 0.19525857436881758
3 0.8222919672709716 0.21356768659633887 0.9388876944967975 0.2277321662335757 0.9494245944332376 0.1348000976662042 0.8266470740533711 0.12076946991883598 0.8222919672709716 0.21356768659633887
5 0.26976998221082626 0.22763524528803897 0.8675360373390555 0.27820397830624527 0.8700069981408894 0.24938404228833028 0.2699353741973806 0.19641738313058316 0.26976998221082626 0.22763524528803897
6 0.7419167210160412 0.2992831754359542 0.742927302943412 0.2705045238556611 0.41014600714822375 0.24332167581647005 0.4108456296259147 0.27323685480741183 0.7419167210160412 0.2992831754359542
9 0.5444319057886075 0.32423880624190354 0.615619873501487 0.3299981293953053 0.6170562126921898 0.3018421979300368 0.5441526726158988 0.29595955355159503 0.5444319057886075 0.32423880624190354
7 0.8182519855983446 0.7473062176952028 0.8565129240005659 0.35216242851507157 0.2703015455015564 0.3105478916197498 0.2769947731930009 0.7538400407803889 0.8182519855983446 0.7473062176952028
8 0.4457879850513688 0.7755955309227053 0.6707756130523593 0.7734160103107025 0.6719838273403475 0.7538219162171487 0.4462596119461857 0.7560613535095425 0.4457879850513688 0.7755955309227053
1 0.6680288240827665 0.8053512336668297 0.6721283977270062 0.7786792085680726 0.44540247528730553 0.7788750349791548 0.44522586455181934 0.8122104444557399 0.6680288240827665 0.8053512336668297
2 0.2369221762759897 0.8618744403647265 0.4819321586638082 0.8559350871951454 0.48149735311801356 0.83193157539297 0.23592370611044586 0.8382511559392604 0.2369221762759897 0.8618744403647265
10 0.5070754799740533 0.8825557353554273 0.5077555875318779 0.8602583074443976 0.23689544880083016 0.8669192714519456 0.23732802737977693 0.8913431249256399 0.5070754799740533 0.8825557353554273
0 0.6423872625430862 0.901551975370245 0.8812309337205245 0.8928857373703877 0.889525438869376 0.8120730791316164 0.6490111282985098 0.8179150948557798 0.6423872625430862 0.901551975370245