4 0.8548241526486637 0.7722175657290816 0.8490486210491314 0.7140847330967239 0.4552374500593006 0.7299871619818356 0.4610129816588329 0.7881199946141934 0.8548241526486637 0.7722175657290816
3 0.31809520525692075 0.8035869572974401 0.31088088253599366 0.7309721671151072 0.21282829780671525 0.7349316135973885 0.22004262052764237 0.8075464037797215 0.31809520525692075 0.8035869572974401
5 0.6334388629944372 0.6876062107970673 0.6311065859811751 0.6641309917756294 0.4157752288962446 0.6728262544929637 0.41810750590950657 0.6963014735144016 0.6334388629944372 0.6876062107970673
6 0.6608241193994706 0.6588708319221964 0.6587682532184279 0.6381777887698135 0.38367789966999594 0.6492861704170094 0.3857337658510385 0.6699792135693924 0.6608241193994706 0.6588708319221964
9 0.5478807503204323 0.6294998802776196 0.5460057635085438 0.6106274539658637 0.49505782454649355 0.6126847749254258 0.496932811358382 0.6315572012371816 0.5478807503204323 0.6294998802776196
7 0.7743332165684333 0.5926622910377642 0.7368812460621966 0.21569454431686225 0.22761897334224448 0.23625898654800592 0.26507094384848134 0.613226733268908 0.7743332165684333 0.5926622910377642
8 0.5898022769578636 0.207714810666263 0.5882999598381867 0.1925934407674348 0.37377874044187787 0.20125598943821732 0.3752810575615548 0.21637735933704552 0.5898022769578636 0.207714810666263
1 0.5889057353346496 0.19017626488171188 0.5856583929873559 0.15749057943061318 0.37029463039488036 0.16618715070980977 0.37354197274217416 0.19887283616090845 0.5889057353346496 0.19017626488171188
2 0.7709098219544666 0.12587945355212213 0.7685392353697216 0.10201863471725364 0.548959516245658 0.11088544989470678 0.551330102830403 0.13474626872957526 0.7709098219544666 0.12587945355212213
10 0.7693647935155183 0.09755638774909148 0.7665691646598253 0.06941736338926419 0.5183170524600577 0.07944199410228564 0.5211126813157507 0.10758101846211295 0.7693647935155183 0.09755638774909148
0 0.3639211159407186 0.14678579288350216 0.35554756498396584 0.06250294758717645 0.1148848226512077 0.07222111311209874 0.12325837360796042 0.15650395840842446 0.3639211159407186 0.14678579288350216