4 0.8842418340571505 0.49746863979802874 0.8927350772239521 0.11906511016773598 0.8259908156053021 0.11924519903786444 0.8249828518164115 0.5021988461458174 0.8842418340571505 0.49746863979802874
3 0.8816567808466671 0.7869678465011368 0.8857627767806172 0.6948350419534827 0.7994878323842975 0.7008456613531967 0.7991099977798636 0.794461035860291 0.8816567808466671 0.7869678465011368
5 0.7818051654507405 0.5586078128575218 0.783573267302518 0.3932358272030237 0.7446096904302768 0.3963460014193964 0.7447896820222234 0.5615624851799174 0.7818051654507405 0.5586078128575218
6 0.7395373959768284 0.664297040377626 0.7411730979357758 0.28939165208968687 0.7064370797826662 0.29229110706529843 0.7068084510891749 0.6682107881427731 0.7395373959768284 0.664297040377626
9 0.7016192407611664 0.5185072814031022 0.7008532909435801 0.44136434157697885 0.6696346106835369 0.44274565181411335 0.6705720061507129 0.5201404319564247 0.7016192407611664 0.5185072814031022
7 0.6455717853968189 0.6690889337642664 0.6435970499972364 0.29213511511195434 0.3475355497012038 0.3150367499621065 0.367603934144472 0.6912770518310519 0.6455717853968189 0.6690889337642664
8 0.33779902749330476 0.6728190799571998 0.3183717896746148 0.33917752012753644 0.2863356728029581 0.3411140808173084 0.30827435542900156 0.6767165160140878 0.33779902749330476 0.6728190799571998
1 0.24217892724516335 0.682846342439469 0.3021182105619403 0.6770371972650762 0.28068974701771593 0.34235155603962086 0.22117290926979738 0.3480168607075671 0.24217892724516335 0.682846342439469
2 0.1518796880193292 0.1764841834100751 0.13157071609524562 0.17861256629796685 0.14992715273650548 0.4000424901617805 0.16791969018397068 0.39798921710640595 0.1518796880193292 0.1764841834100751
10 0.14891387577851045 0.4121599880465564 0.1292794100313042 0.17918120941762836 0.10967023450361187 0.18138502941928591 0.1292571401005339 0.4134205089788736 0.14891387577851045 0.4121599880465564
0 0.24621677957676522 0.86055777461187 0.22756575135197293 0.6289848321577332 0.13353289566181778 0.6360434587144106 0.15480409944720466 0.8687941749792708 0.24621677957676522 0.86055777461187