4 0.8273899958685149 0.41028214663154977 0.7765942093480669 0.804442529510082 0.8356325920989364 0.8026007992407267 0.8952705703291903 0.41078693059097565 0.8273899958685149 0.41028214663154977
3 0.8486351273063503 0.1503796404238992 0.8385999400332215 0.2590049340958012 0.9217248841487263 0.2599605082607433 0.9367423664316666 0.15187861351347143 0.8486351273063503 0.1503796404238992
5 0.7795485138539282 0.29311057589846184 0.7362739452970662 0.6824069463887983 0.7601478763002596 0.6824647588562727 0.8087882235475418 0.29546766207856673 0.7795485138539282 0.29311057589846184
6 0.7443490832375735 0.3482133626379336 0.7142475623706703 0.6368284295525101 0.7365991780036145 0.6359292821466314 0.7711075978936818 0.3483408578386768 0.7443490832375735 0.3482133626379336
9 0.6990467655113263 0.4663699118597701 0.6929693840118255 0.5261588500535628 0.7141477278589604 0.5266924493764381 0.7208960818151254 0.4672695324330138 0.6990467655113263 0.4663699118597701
7 0.2638245887674015 0.20606972059206458 0.2658282866155598 0.746682404012167 0.6680772445594999 0.744766367220392 0.7176580539279521 0.21429243332498082 0.2638245887674015 0.20606972059206458
8 0.2328466152686026 0.3762018011217009 0.23860489311189728 0.6035976818546064 0.26006526498629734 0.6036479832075717 0.25724737130376707 0.37635795827981006 0.2328466152686026 0.3762018011217009
1 0.190518990505875 0.37549436394869207 0.19993538980737466 0.6026797147338557 0.23585977460858687 0.6037823915910097 0.23028873825758006 0.3768301865919916 0.190518990505875 0.37549436394869207
2 0.1435463521145455 0.566326180206464 0.15427042186473147 0.7834499692167832 0.18211476593145792 0.7833980438442211 0.1736133621928096 0.5684687830221364 0.1435463521145455 0.566326180206464
10 0.1078127461249499 0.5305384924013055 0.12218487236146747 0.7831528210498807 0.14840413527315915 0.7833677737482184 0.13833851723462617 0.5328746409953399 0.1078127461249499 0.5305384924013055
0 0.06855778119261516 0.10190182294922244 0.08141707817323536 0.37478995608900584 0.17750158985719833 0.37959572483967263 0.17291725456258625 0.11076700124146069 0.06855778119261516 0.10190182294922244