4 0.4344709974488506 0.8616068155330864 0.4366560947806055 0.9273630678865014 0.7903221088672547 0.9343605504052627 0.7871281529594276 0.876622665240599 0.4344709974488506 0.8616068155330864
3 0.18856132606336656 0.8398584575598395 0.18823801455476316 0.9301211155409989 0.2955032478334482 0.9309050682586654 0.2923262057597316 0.8446545699758272 0.18856132606336656 0.8398584575598395
5 0.3618464344838992 0.7870320884995637 0.3595592417201061 0.814775550872227 0.6602550183364521 0.833460206551171 0.6594719426451887 0.8093526893895268 0.3618464344838992 0.7870320884995637
6 0.3620809160197651 0.7829820800392964 0.66121450722436 0.8074809122505854 0.6631634731020339 0.7832248378539431 0.3629133563453093 0.7568426626445022 0.3620809160197651 0.7829820800392964
9 0.4936380130857721 0.7567890656893167 0.5529984559214222 0.7613146801088356 0.5524273131957326 0.7406214983624592 0.4912095845178278 0.7345625268234685 0.4936380130857721 0.7567890656893167
7 0.27297347873562566 0.7060928179327021 0.741425033609339 0.7513851961573039 0.7325364340268372 0.40792999955446885 0.297756240535652 0.32264091740990974 0.27297347873562566 0.7060928179327021
8 0.4392900774025334 0.32466934116818424 0.4393298365622116 0.34166134607418314 0.6187663374153942 0.3776967304908868 0.6182904755463903 0.3623423793077531 0.4392900774025334 0.32466934116818424
1 0.43922754572528255 0.3208370724144175 0.6200112659165237 0.36012395710094797 0.6178217119672615 0.3350814856224705 0.43977097393076797 0.2947546129532805 0.43922754572528255 0.3208370724144175
2 0.6010700773661064 0.2904539530557646 0.6007615585605272 0.30757233281325047 0.7557255690814989 0.3419719933361495 0.7543742869799175 0.32602426085298064 0.6010700773661064 0.2904539530557646
10 0.5788006661484906 0.2772928074137401 0.7549723563040772 0.3206066243092382 0.7532174597795915 0.3037704708764297 0.5795131472428279 0.2590919092225477 0.5788006661484906 0.2772928074137401
0 0.2233090317707941 0.15075394493065897 0.21486969643387946 0.2326707417782187 0.4367516472038828 0.2820791993956416 0.4369587684299211 0.20385132508895001 0.2233090317707941 0.15075394493065897