0 0.8562880859375 0.5558841145833333 0.8818591308593748 0.15703841145833336 0.81124267578125 0.15569498697916664 0.791260009765625 0.5590462239583334 0.8562880859375 0.5558841145833333
3 0.846804931640625 0.7825458984375001 0.852223876953125 0.700068359375 0.782115478515625 0.6989778645833334 0.777373779296875 0.7839010416666666 0.846804931640625 0.7825458984375001
5 0.7797504882812499 0.29701953124999997 0.752497802734375 0.297853515625 0.7348444824218748 0.6663066406249999 0.760876953125 0.6676087239583333 0.7797504882812499 0.29701953124999997
6 0.7322414550781251 0.6688623046875 0.7480234375 0.297853515625 0.72508251953125 0.29701953124999997 0.7091376953125 0.6701640625 0.7322414550781251 0.6688623046875
9 0.705989013671875 0.5299000651041667 0.709136474609375 0.44917447916666664 0.684003173828125 0.4499505208333333 0.68062060546875 0.5304013671875 0.705989013671875 0.5299000651041667
7 0.674761474609375 0.7360341796875001 0.69006884765625 0.21578548177083334 0.273805419921875 0.22109765624999997 0.288619140625 0.7498642578125 0.674761474609375 0.7360341796875001
8 0.276181396484375 0.6052239583333333 0.27019677734375 0.38325260416666673 0.250583740234375 0.38369889322916667 0.257694091796875 0.6055400390625001 0.276181396484375 0.6052239583333333
1 0.25390185546875 0.6052356770833334 0.24750244140625 0.3849514973958333 0.212187255859375 0.38715266927083336 0.2192978515625 0.6068164062500001 0.25390185546875 0.6052356770833334
2 0.18800610351562497 0.4241217447916667 0.17964208984375 0.1746481119791667 0.15338671875 0.17349837239583332 0.1621142578125 0.4260618489583334 0.18800610351562497 0.4241217447916667
10 0.158914306640625 0.45205826822916667 0.144368408203125 0.173193359375 0.116440185546875 0.17543815104166668 0.129822265625 0.4543720703125 0.158914306640625 0.45205826822916667
0 0.13379638671875 0.8359404296874999 0.208264404296875 0.8324622395833333 0.195804931640625 0.603333984375 0.11959814453125 0.6052662760416666 0.13379638671875 0.8359404296874999