4 0.7512486941549883 0.2814768441241791 0.35689411223050616 0.26178172123544835 0.3608332493470407 0.32151935382173896 0.7438409788987967 0.3459892673138079 0.7512486941549883 0.2814768441241791
3 0.19427824368429075 0.23896376663529026 0.09774377445035294 0.2353713023277006 0.10107815034237642 0.3131800279594308 0.19712293783613982 0.3149506772204752 0.19427824368429075 0.23896376663529026
5 0.48734334227279336 0.362042813445537 0.36125213545928536 0.35167360002609677 0.36162881622683496 0.3824593239336028 0.48781190427569 0.39145951792036326 0.48734334227279336 0.362042813445537
6 0.5934140484031987 0.40592714716752143 0.25471543177608863 0.3783627707165247 0.25761376231416133 0.4103583138922494 0.5944609059896925 0.43585486194891376 0.5934140484031987 0.40592714716752143
9 0.459077805657006 0.4361286405573926 0.3944796715661198 0.4312641822978559 0.3926974035341678 0.4577256514234326 0.45988470487708494 0.46052687835463824 0.459077805657006 0.4361286405573926
7 0.6416062092384045 0.7544103260242961 0.646917524035129 0.48457871766505245 0.21847209702686166 0.4458565807910877 0.26282220144081286 0.7127009832130228 0.6416062092384045 0.7544103260242961
8 0.5855270370977512 0.7594708066861803 0.30528248945321534 0.727959155594752 0.3068037774255753 0.7485723529169073 0.5883447752077151 0.7812952895141372 0.5855270370977512 0.7594708066861803
1 0.5902510009436506 0.8134703257740961 0.5914388162085266 0.7849086280282355 0.3033816919712652 0.7525076747787935 0.3045353612837461 0.7790738116066014 0.5902510009436506 0.8134703257740961
2 0.7239042891723828 0.8574322454566519 0.4958039976532375 0.8281593474012714 0.49443297687243964 0.8420621856746604 0.721476367611303 0.8728404879877607 0.7239042891723828 0.8574322454566519
10 0.7213130910705741 0.8863314817182627 0.7230150117161117 0.8728284011369024 0.45908356296515046 0.8367627625145654 0.457435326117767 0.8516278190929831 0.7213130910705741 0.8863314817182627
0 0.3462466162063553 0.854766000871914 0.33894884112145607 0.7954648145396315 0.15421190126714976 0.774888036477793 0.16439782636156347 0.8317769869047593 0.3462466162063553 0.854766000871914