4 0.21827188519947804 0.18560168249572828 0.6304946804737063 0.1400223445638766 0.6308958329418511 0.07530638789908217 0.22072640482673903 0.12443532705957727 0.21827188519947804 0.18560168249572828
3 0.7568355861287919 0.137447209221822 0.8782083017939606 0.12133408038693971 0.8746812408527666 0.042672945532460184 0.7555064296799313 0.0577837504017522 0.7568355861287919 0.137447209221822
5 0.2640439642660254 0.23684238767835014 0.8240846867251863 0.18444772546077337 0.8228294823672613 0.1562118520179261 0.26621518395485416 0.20982232123328673 0.2640439642660254 0.23684238767835014
6 0.6780689380969908 0.2259464265654962 0.6773484145225747 0.20127181273395398 0.3790983135452843 0.2286116467460588 0.37612388366884314 0.2536898891598327 0.6780689380969908 0.2259464265654962
9 0.5535847167502372 0.27136761971168555 0.5550613731048748 0.24909147404557974 0.49046149062111405 0.2542488796694087 0.4893040117095981 0.2767035064043336 0.5535847167502372 0.27136761971168555
7 0.7986309111915739 0.6935956853314932 0.7965671587939634 0.25774049193819076 0.267101979614736 0.30093200749460053 0.2529166346907409 0.6919751125417514 0.7986309111915739 0.6935956853314932
8 0.3889854556984264 0.7205997248476822 0.6266127581959514 0.7246227653223896 0.6267535387198059 0.6982836565371289 0.38868605195591027 0.6969263021071652 0.3889854556984264 0.7205997248476822
1 0.626475615229496 0.7281487504013597 0.39021750717508363 0.7233436769241057 0.3909876918121809 0.7579043709654184 0.6244801589581295 0.7649671821997516 0.626475615229496 0.7281487504013597
2 0.21664722487892207 0.8036739174125545 0.4237690434931071 0.8126606010057625 0.4259881553162325 0.7882499853957187 0.21606743959580163 0.7819672327938328 0.21664722487892207 0.8036739174125545
10 0.4504598406182978 0.8470987510531037 0.45132856061886106 0.8201643683324327 0.21703079470082035 0.8106294999694862 0.21546186785224125 0.8323679660660732 0.4504598406182978 0.8470987510531037
0 0.8998041725481792 0.8920882365028583 0.9002641227960902 0.7904045854088312 0.6327343311967406 0.7797490593967007 0.6283953750955008 0.8793037395574727 0.8998041725481792 0.8920882365028583