4 0.17532781507527065 0.7990607654785506 0.5607134338297954 0.8188724211102092 0.5641535425225909 0.767677667188066 0.17475616810097422 0.7450119281729926 0.17532781507527065 0.7990607654785506
3 0.7039843274752811 0.7719051050916902 0.6996176197644823 0.8299412860894019 0.7815737672868608 0.833580345458648 0.7915484211751151 0.7754977716197584 0.7039843274752811 0.7719051050916902
5 0.30050588672191936 0.7259482443246391 0.6793256581546506 0.7461655841925146 0.6815833345000569 0.7229918363954025 0.3011022162089428 0.7031730532540196 0.30050588672191936 0.7259482443246391
6 0.3530490887394922 0.6839463663647811 0.3533468278590156 0.7044903510246127 0.6320432818495222 0.7193174145732235 0.633330979499608 0.6983699867177136 0.3530490887394922 0.6839463663647811
9 0.467845068891261 0.6597747558557104 0.4671144644787131 0.681352998218051 0.5187682954098743 0.6833844562118201 0.5197302824851001 0.6619313698347035 0.467845068891261 0.6597747558557104
7 0.8122174578359553 0.2775868911218344 0.23205233304124934 0.25403304799452747 0.2351002427880042 0.6421833216958573 0.7550872505801569 0.6687760343750676 0.8122174578359553 0.2775868911218344
8 0.39788107816726503 0.25011008593892536 0.6517787797522963 0.26132134413519215 0.6538946715083402 0.2386769699541701 0.3967101300125698 0.22773895579503559 0.39788107816726503 0.25011008593892536
1 0.39594814272992035 0.19043318705907183 0.39694934786145036 0.22417898138699552 0.6545452255525751 0.23452294470007498 0.6579642194207059 0.20022444054974983 0.39594814272992035 0.19043318705907183
2 0.18846687957499914 0.1493025473942892 0.43746040696643507 0.16180579067795395 0.4400427526092971 0.13401858799108046 0.188869398310182 0.12202241181332338 0.18846687957499914 0.1493025473942892
10 0.475575840173576 0.097119538164726 0.19004813243253504 0.08318600321614171 0.18898738709594626 0.11707134375121081 0.47275902349637444 0.13052458583094073 0.475575840173576 0.097119538164726
0 0.671311795459146 0.07653828769269995 0.6613550331011022 0.17987274746106668 0.9321257471868157 0.1924288188037321 0.9483927694055824 0.09128012097387463 0.671311795459146 0.07653828769269995