4 0.601420909629826 0.08990833525135836 0.12277370590117777 0.07674254705010727 0.12090271521359584 0.14476312030589866 0.5995499189422441 0.15792890850714977 0.601420909629826 0.08990833525135836
3 0.8800798419620472 0.08383349428082933 0.7774595892169176 0.08101079626384232 0.7749121257383069 0.17362479339027384 0.8775323784834366 0.17644749140726082 0.8800798419620472 0.08383349428082933
5 0.6315184003043206 0.2023573950183801 0.37713497697549697 0.19536026174910237 0.37636781104755446 0.22325086887361106 0.6307512343763781 0.2302480021428888 0.6315184003043206 0.2023573950183801
6 0.6664718901873988 0.23854307891066884 0.34332352580675846 0.22965448018936896 0.34264738866760575 0.2542357013092545 0.665795753048246 0.26312430003055437 0.6664718901873988 0.23854307891066884
9 0.527559918162627 0.27435123883506035 0.47067232117853386 0.2727864745424117 0.4700267283601034 0.2962572453436369 0.5269143253441966 0.29782200963628547 0.527559918162627 0.27435123883506035
7 0.789370603339902 0.31174801805608 0.19287736799136293 0.2953407278036752 0.18099441888365458 0.727349831665302 0.7774876542321937 0.7437571219177067 0.789370603339902 0.31174801805608
8 0.611347341897135 0.7450721801951864 0.35960622086502103 0.7381477267454732 0.3591091875669386 0.7562175600627521 0.6108503085990523 0.7631420135124651 0.611347341897135 0.7450721801951864
1 0.6120416418960539 0.7670691840876921 0.36004019551451055 0.760137570064623 0.3590315616269242 0.7968068360819265 0.6110330080084677 0.8037384501049956 0.6120416418960539 0.7670691840876921
2 0.3987345941341349 0.8197363859974216 0.15990886450059486 0.8131671864933396 0.15926729950467722 0.8364915242855105 0.39809302913821726 0.8430607237895925 0.3987345941341349 0.8197363859974216
10 0.43208346842102197 0.8530496376096517 0.16052182609671567 0.8455799960060362 0.15990952994439123 0.8678402539324139 0.4314711722686975 0.8753098955360294 0.43208346842102197 0.8530496376096517
0 0.8608884249025658 0.8234555989226684 0.6023397959828692 0.8163438964796926 0.599923438127051 0.9041914991614123 0.8584720670467475 0.911303201604388 0.8608884249025658 0.8234555989226684