4 0.8784658203125 0.5591695963541666 0.84579248046875 0.20712890625 0.79707958984375 0.20421223958333334 0.825594482421875 0.5583776041666666 0.8784658203125 0.5591695963541666
3 0.828737060546875 0.8563828125 0.918232666015625 0.8585237630208334 0.907798095703125 0.7445133463541667 0.82191455078125 0.7455839843750001 0.828737060546875 0.8563828125
5 0.7878017578125 0.5920641276041666 0.77756787109375 0.4308896484375 0.7416494140625 0.43041569010416675 0.75128125 0.5925992838541666 0.7878017578125 0.5920641276041666
6 0.756031005859375 0.6960042317708334 0.731517578125 0.33689648437499997 0.695610595703125 0.33689648437499997 0.715290283203125 0.6955436197916667 0.756031005859375 0.6960042317708334
9 0.7022434082031249 0.5405022786458333 0.6983105468750002 0.4722864583333333 0.6719267578125 0.4721077473958334 0.67405712890625 0.5426878255208334 0.7022434082031249 0.5405022786458333
7 0.65740380859375 0.701412109375 0.642630615234375 0.3317932942708333 0.3599716796875 0.3248587239583333 0.3540625 0.7049147135416667 0.65740380859375 0.701412109375
8 0.33347509765625 0.6857262369791667 0.33799682617187493 0.3437994791666667 0.300466796875 0.34262272135416666 0.295040771484375 0.6857262369791667 0.33347509765625 0.6857262369791667
2 0.191780517578125 0.3988375651041667 0.20155859375 0.18953580729166666 0.17702099609375 0.18919108072916668 0.165821533203125 0.39869531249999995 0.191780517578125 0.3988375651041667
10 0.141391845703125 0.39808040364583336 0.163920166015625 0.3976334635416667 0.1752705078125 0.19001757812500003 0.155450439453125 0.19032486979166666 0.141391845703125 0.39808040364583336
1 0.288595947265625 0.6858190104166666 0.29626806640625 0.3431673177083333 0.245158935546875 0.3424072265625 0.23264721679687497 0.6845716145833334 0.288595947265625 0.6858190104166666
0 0.22134521484375 0.6197763671875001 0.11338085937499999 0.6231816406249999 0.09905908203125 0.8989508463541668 0.208859619140625 0.8960123697916667 0.22134521484375 0.6197763671875001