4 0.21578841145833336 0.1970673828125 0.6268714192708335 0.15650683593750003 0.6251839192708333 0.0917939453125 0.2162705078125 0.13592919921875 0.21578841145833336 0.1970673828125
3 0.7532307942708334 0.15547021484375 0.8741809895833333 0.140834716796875 0.8681119791666667 0.06212841796875 0.7493291015624999 0.075788330078125 0.7532307942708334 0.15547021484375
5 0.2632513020833333 0.24886694335937498 0.8220511067708333 0.20329101562499996 0.8198834635416666 0.1750390625 0.2645520833333333 0.22187255859375 0.2632513020833333 0.24886694335937498
6 0.6772574869791667 0.2430126953125 0.6757399088541667 0.21832861328125 0.3781324869791667 0.24203710937500003 0.3759651692708333 0.267079833984375 0.6772574869791667 0.2430126953125
9 0.5541393229166667 0.286919189453125 0.5548981119791667 0.264660400390625 0.4904127604166667 0.26903125 0.48997916666666663 0.291472412109375 0.5541393229166667 0.286919189453125
7 0.81301171875 0.7121433105468751 0.7968772786458334 0.276250732421875 0.26838053385416666 0.31299560546875 0.2668063151041667 0.703876953125 0.81301171875 0.7121433105468751
8 0.4039085286458334 0.734159423828125 0.6418567708333334 0.741076416015625 0.6411474609375 0.71473828125 0.40284472656250003 0.710481689453125 0.4039085286458334 0.734159423828125
1 0.6418333333333334 0.744600830078125 0.4052301432291667 0.73691845703125 0.40711653645833334 0.771489501953125 0.6410247395833333 0.78139599609375 0.6418333333333334 0.744600830078125
2 0.23411328125 0.81513720703125 0.4416917317708333 0.826646484375 0.4431246744791667 0.80226220703125 0.23283235677083333 0.7934228515625 0.23411328125 0.81513720703125
10 0.46951562500000005 0.86141064453125 0.46951562500000005 0.834486083984375 0.23472167968750005 0.82209765625 0.2338531901041667 0.843817626953125 0.46951562500000005 0.86141064453125
0 0.9206735026041668 0.91187353515625 0.9178515625 0.810192626953125 0.6497626953125 0.7962788085937501 0.6486337890625 0.895783447265625 0.9206735026041668 0.91187353515625