4 0.15469623311594752 0.17473824944441108 0.5744397932828457 0.18925253879049894 0.574102315499241 0.12540486567731582 0.15255369459598617 0.10253353734257661 0.15469623311594752 0.17473824944441108
3 0.7177205030598383 0.20170528498161625 0.8006330085263053 0.20287152277605458 0.8047450872213764 0.12022254424679843 0.718442982544917 0.11627534847778655 0.7177205030598383 0.20170528498161625
5 0.2759880545711109 0.24675331828423938 0.7033204265591431 0.25345981961868697 0.7031729613329648 0.22556076369855238 0.27524728077325356 0.21769476277752992 0.2759880545711109 0.24675331828423938
6 0.645953979948783 0.2826672360004351 0.6438996377763183 0.25487449416937696 0.3464406063840926 0.25034390469365764 0.3483666940544094 0.2815981194158972 0.645953979948783 0.2826672360004351
9 0.47363878989827335 0.31170795735982143 0.526998184354138 0.3115763758921608 0.525889391249705 0.2890461571641071 0.4738261685603497 0.2895497210758146 0.47363878989827335 0.31170795735982143
7 0.734634906401067 0.6833082753501329 0.7466693664340343 0.31881115641916047 0.22309105288196568 0.31772970893419555 0.24623658396984 0.7289307541861771 0.734634906401067 0.6833082753501329
8 0.396257764278596 0.7392487778213982 0.599121689478917 0.7197111166236744 0.5998391658113447 0.7034506984425215 0.39552824861828095 0.7228560520370467 0.396257764278596 0.7392487778213982
1 0.6005336731055364 0.7537617937361253 0.6012825760423951 0.7231145706467083 0.39499245325381965 0.7431134132389838 0.39516918146987573 0.7765487559987319 0.6005336731055364 0.7537617937361253
2 0.21629414156610502 0.8406636922025571 0.42771376561199625 0.8147928059996543 0.42452334403720143 0.7929484560869166 0.21365212036089373 0.8181984881386737 0.21629414156610502 0.8406636922025571
10 0.45096219329492154 0.8422627341020821 0.45216457827529044 0.8161420194493905 0.21347820885447114 0.844937828385946 0.2142503371574089 0.8716721681781905 0.45096219329492154 0.8422627341020821
0 0.6018356069066295 0.8406817091122429 0.7928373634709858 0.8157782649410561 0.7975670856635676 0.7425895337498836 0.6028971993109276 0.7650041510725482 0.6018356069066295 0.8406817091122429