4 0.06646940104166667 0.24693994140624997 0.533025390625 0.1702587890625 0.5093883463541666 0.102694580078125 0.03347265625 0.182672119140625 0.06646940104166667 0.24693994140624997
3 0.6930914713541667 0.162222900390625 0.8082630208333333 0.143488525390625 0.7819290364583332 0.0493974609375 0.6664404296875 0.068439697265625 0.6930914713541667 0.162222900390625
5 0.16783951822916665 0.299060791015625 0.7433798828125 0.20956201171874997 0.7306888020833333 0.18004638671875003 0.15578287760416668 0.2724013671875 0.16783951822916665 0.299060791015625
6 0.6097470703125 0.259921142578125 0.6018473307291666 0.233999755859375 0.29440820312500005 0.281427734375 0.30450683593750005 0.30806689453125 0.6097470703125 0.259921142578125
9 0.4986617838541666 0.3105107421875 0.4874228515625 0.287445068359375 0.4256907552083333 0.299024169921875 0.4370924479166667 0.32077539062499993 0.4986617838541666 0.3105107421875
7 0.7914176432291667 0.609453369140625 0.74423828125 0.279255615234375 0.19071093749999998 0.365509521484375 0.32626888020833333 0.678581787109375 0.7914176432291667 0.609453369140625
8 0.6551145833333334 0.64456689453125 0.6522197265625 0.630975830078125 0.4582568359375 0.66040869140625 0.46393326822916664 0.672332763671875 0.6551145833333334 0.64456689453125
1 0.6632887369791667 0.670288818359375 0.6573284505208334 0.646089111328125 0.4637060546875001 0.67335498046875 0.47301529947916665 0.6963513183593751 0.6632887369791667 0.670288818359375
2 0.32930729166666667 0.749245361328125 0.5102695312500001 0.72047216796875 0.5050576171875 0.70484619140625 0.3219098307291667 0.7319228515625 0.32930729166666667 0.749245361328125
10 0.5386832682291667 0.736463623046875 0.5301647135416666 0.720892333984375 0.329755859375 0.752104248046875 0.3369293619791667 0.7669040527343749 0.5386832682291667 0.736463623046875
0 0.6812832031250001 0.72930859375 0.8751259765625 0.7007304687499999 0.8704391276041668 0.6436591796875 0.6670123697916666 0.675777587890625 0.6812832031250001 0.72930859375