4 0.22246875 0.143390869140625 0.5818069661458333 0.12881689453125 0.5786861979166666 0.06211425781249999 0.21890201822916666 0.082516845703125 0.22246875 0.143390869140625
3 0.7275934244791666 0.13119677734375 0.8301341145833333 0.12985888671875 0.8283505859375 0.040889404296875 0.7258098958333334 0.046240966796875 0.7275934244791666 0.13119677734375
5 0.4043671875 0.19966845703125 0.6052132161458332 0.194437255859375 0.6054361979166667 0.1678935546875 0.4043671875 0.1732451171875 0.4043671875 0.19966845703125
6 0.6370898437500001 0.22375048828125 0.635306640625 0.198616943359375 0.37405078125 0.20502001953124996 0.3744964192708333 0.22475390625 0.6370898437500001 0.22375048828125
9 0.5283076171875 0.257866455078125 0.5260784505208334 0.237905517578125 0.4748079427083333 0.23779833984375 0.47525390624999997 0.258200927734375 0.5283076171875 0.257866455078125
7 0.7376682942708334 0.6509970703125 0.7547610677083334 0.266586181640625 0.278015625 0.2616591796875 0.29449055989583334 0.60588330078125 0.7376682942708334 0.6509970703125
8 0.4153841145833333 0.641439453125 0.5973824869791667 0.660826171875 0.5983606770833333 0.6416652832031251 0.4138792317708333 0.62495751953125 0.4153841145833333 0.641439453125
1 0.6022731119791667 0.6913364257812499 0.6018968098958334 0.665340576171875 0.41267545572916664 0.6443745117187499 0.41357845052083325 0.668984375 0.6022731119791667 0.6913364257812499
2 0.27408821614583334 0.693201171875 0.4419192708333334 0.713885009765625 0.440310546875 0.690519287109375 0.27194335937499997 0.6741604003906251 0.27408821614583334 0.693201171875
10 0.46354589843749994 0.743350830078125 0.4629205729166667 0.722933349609375 0.2715859375 0.696151123046875 0.27301595052083333 0.71760546875 0.46354589843749994 0.743350830078125
0 0.5953623046875001 0.779405029296875 0.8208349609375 0.810736328125 0.8266435546875001 0.7314006347656249 0.5935748697916666 0.700828125 0.5953623046875001 0.779405029296875