4 0.45381931397724995 0.13508475059297165 0.9418350653888579 0.17045903425596787 0.9462556396958186 0.09395751598709398 0.4582398882842106 0.05858323232409776 0.45381931397724995 0.13508475059297165
3 0.16785560601370927 0.12622792743090666 0.2880567382134038 0.13494082027247203 0.29351202579721825 0.040532774218819574 0.17331089359752366 0.03181988137725423 0.16785560601370927 0.12622792743090666
5 0.24646094874812888 0.19638581456367915 0.8526490663944153 0.240325934046977 0.8545883270592216 0.20676550165175986 0.24840020941293517 0.162825382168462 0.24646094874812888 0.19638581456367915
6 0.381883221722018 0.23529087413124028 0.705770506072822 0.2587681505066895 0.7072527085677357 0.23311746953877552 0.38336542421693165 0.2096401931633263 0.381883221722018 0.23529087413124028
9 0.5041497026280994 0.28496100875963365 0.5743469557541605 0.2900493230963364 0.5760070281772589 0.26132046300154094 0.5058097750511978 0.2562321486648382 0.5041497026280994 0.28496100875963365
7 0.2190716677035311 0.7029515488590014 0.8197034375385797 0.7464889112119474 0.8443764169597502 0.3195035796987768 0.24374464712470156 0.2759662173458307 0.2190716677035311 0.7029515488590014
8 0.39986730216399013 0.7449046608329374 0.6367127236695852 0.76207262539225 0.6378631086877109 0.74216430706768 0.4010176871821159 0.7249963425083673 0.39986730216399013 0.7449046608329374
1 0.397954004317024 0.778015786227435 0.6340776533158345 0.7951314324234133 0.6358346817361793 0.764724672472272 0.3997110327373688 0.7476090262762937 0.397954004317024 0.778015786227435
2 0.5948367146581052 0.8452607547115908 0.8348423293015138 0.8626577888617178 0.8360471729131582 0.84180702170637 0.5960415582697498 0.8244099875562428 0.5948367146581052 0.8452607547115908
10 0.5659796672208428 0.8740601825357892 0.8341474145388815 0.8934985755291621 0.8356291948741555 0.8678552003661378 0.5674614475561168 0.848416807372765 0.5659796672208428 0.8740601825357892
0 0.13616968344057162 0.8647026825994211 0.38789597325045916 0.8829493009829702 0.39283059727866926 0.7975517476266766 0.1411043074687817 0.7793051292431274 0.13616968344057162 0.8647026825994211