4 0.11402282817118589 0.16748389612380057 0.5823999728719639 0.12277864286324344 0.5910260057967965 0.04901863600046421 0.09462366384152807 0.09469066127763583 0.11402282817118589 0.16748389612380057
3 0.7342580713208284 0.11793877633724373 0.856002274404998 0.10543701261514335 0.8564790493056904 0.010181246408768505 0.7397379318429315 0.02217555829198154 0.7342580713208284 0.11793877633724373
5 0.24816639352126194 0.2215724680238164 0.7273214010896548 0.1744463145721407 0.7229362621175439 0.14404863208858545 0.24083558293605287 0.19091166016524158 0.24816639352126194 0.2215724680238164
6 0.6469613015634089 0.21143649886695712 0.6466943159172407 0.1858367562071584 0.3283061328601451 0.21758717354507565 0.3298979046322645 0.24289650472739768 0.6469613015634089 0.21143649886695712
9 0.5187822378291593 0.2581242939652425 0.5195482448465044 0.23613628567788658 0.4560380370408421 0.24158761044053756 0.4562971109896232 0.26301530199764234 0.5187822378291593 0.2581242939652425
7 0.7414806555653887 0.577951990192608 0.7673812793160719 0.2428909011897751 0.20509043306935043 0.29229407608520414 0.26707942021730197 0.627666368396159 0.7414806555653887 0.577951990192608
8 0.40815482242465206 0.6291663756873137 0.6022759315978908 0.6094926013085732 0.604894680090437 0.5951054878308133 0.4065514529354471 0.614478243284534 0.40815482242465206 0.6291663756873137
1 0.6005031870560279 0.6352963753524096 0.6035316052537331 0.6121860346445701 0.40674429822515434 0.6310944651364869 0.4104961459887463 0.6530028726881588 0.6005031870560279 0.6352963753524096
2 0.25155154018982145 0.7024423958362147 0.44021568837434655 0.6841687522268042 0.4381765028780423 0.6671140119769361 0.24886689881178298 0.684684046903147 0.25155154018982145 0.7024423958362147
10 0.46636176627447457 0.7019045983694054 0.46141104892604345 0.6847543129285442 0.2516967103203904 0.7054807732191379 0.25559999781996895 0.7231269993200535 0.46636176627447457 0.7019045983694054
0 0.5976499440466818 0.703012834817562 0.8082127347676318 0.6823707289991435 0.8124649163500388 0.6233886537048612 0.593153413372484 0.6444126766383536 0.5976499440466818 0.703012834817562