5 0.5873404947916666 0.1923779296875 0.4322623697916666 0.1923779296875 0.4322623697916666 0.231884765625 0.5873404947916666 0.231884765625 0.5873404947916666 0.1923779296875
6 0.7106705729166668 0.23927978515625 0.31113281249999997 0.23927978515625 0.31113281249999997 0.27584228515625 0.7106705729166668 0.27584228515625 0.7106705729166668 0.23927978515625
9 0.5519303385416667 0.28545166015625 0.46450195312500003 0.28545166015625 0.46450195312500003 0.3198022460937499 0.5519303385416667 0.3198022460937499 0.5519303385416667 0.28545166015625
4 0.5849007161458334 0.08391357421875 0.14994954427083335 0.08391357421875 0.14994954427083335 0.15587158203125 0.5849007161458334 0.15587158203125 0.5849007161458334 0.08391357421875
3 0.8889485677083333 0.07365234375 0.7614680989583333 0.07365234375 0.7614680989583333 0.1631982421875 0.8889485677083333 0.1631982421875 0.8889485677083333 0.07365234375
7 0.7521858723958333 0.323504638671875 0.26033365885416665 0.323504638671875 0.26033365885416665 0.697115478515625 0.7521858723958333 0.697115478515625 0.7521858723958333 0.323504638671875
8 0.6960188802083332 0.7096728515625 0.32285481770833335 0.7096728515625 0.32285481770833335 0.7456542968750001 0.6960188802083332 0.7456542968750001 0.6960188802083332 0.7096728515625
1 0.7009016927083332 0.7484033203124999 0.32383138020833335 0.7484033203124999 0.32383138020833335 0.7888232421875 0.7009016927083332 0.7888232421875 0.7009016927083332 0.7484033203124999
2 0.4591276041666667 0.833526611328125 0.1636263020833333 0.833526611328125 0.1636263020833333 0.851888427734375 0.4591276041666667 0.851888427734375 0.4591276041666667 0.833526611328125
10 0.4994222005208333 0.852581787109375 0.16264811197916668 0.852581787109375 0.16264811197916668 0.875699462890625 0.4994222005208333 0.875699462890625 0.4994222005208333 0.852581787109375
0 0.8877262369791667 0.815205078125 0.6559651692708334 0.815205078125 0.6559651692708334 0.9013427734374999 0.8877262369791667 0.9013427734374999 0.8877262369791667 0.815205078125