4 0.11498958333333333 0.11411767578125 0.5426796875000001 0.134313232421875 0.5391598307291666 0.071864013671875 0.1179228515625 0.04545556640625 0.11498958333333333 0.11411767578125
3 0.685548828125 0.145774658203125 0.7651653645833334 0.1493330078125 0.7577119140624999 0.07841943359375 0.6808056640625 0.0733359375 0.685548828125 0.145774658203125
5 0.2621953125 0.18128173828124997 0.6523216145833333 0.19560888671875 0.6503727213541667 0.16812426757812496 0.26141569010416665 0.15204296875 0.2621953125 0.18128173828124997
6 0.60651953125 0.1955341796875 0.31763541666666667 0.18488232421875 0.31763541666666667 0.2127900390625 0.6084361979166667 0.22100732421875 0.60651953125 0.1955341796875
9 0.4934303385416666 0.247705322265625 0.49219824218749997 0.22646923828125 0.4359274088541667 0.224491943359375 0.43702278645833337 0.246267333984375 0.4934303385416666 0.247705322265625
7 0.7355449218750001 0.652106689453125 0.7201139322916666 0.263501220703125 0.18450130208333335 0.24474072265625 0.19344661458333334 0.668884521484375 0.7355449218750001 0.652106689453125
8 0.3569928385416667 0.6950205078125 0.59677734375 0.6848056640624999 0.5962893880208333 0.664562744140625 0.35543131510416665 0.673934326171875 0.3569928385416667 0.6950205078125
1 0.59724609375 0.722667724609375 0.5976725260416667 0.68808544921875 0.3570797526041667 0.698339111328125 0.3587864583333333 0.734374755859375 0.59724609375 0.722667724609375
2 0.160552734375 0.79305810546875 0.39820833333333333 0.782409423828125 0.39753125 0.7580087890625 0.15987565104166668 0.76867578125 0.160552734375 0.79305810546875
10 0.4273225911458333 0.815380126953125 0.4269840494791666 0.790978759765625 0.16122981770833333 0.802173095703125 0.16156835937500003 0.8288410644531251 0.4273225911458333 0.815380126953125
0 0.8286194661458333 0.8143662109375 0.8217317708333334 0.729011962890625 0.5967360026041667 0.741163330078125 0.5994147135416668 0.8290068359375 0.8286194661458333 0.8143662109375