4 0.6252278645833333 0.08427734375000001 0.14425130208333337 0.08427734375000001 0.14425130208333337 0.1418505859375 0.6252278645833333 0.1418505859375 0.6252278645833333 0.08427734375000001
3 0.8966129557291667 0.0692431640625 0.7830485026041667 0.0692431640625 0.7830485026041667 0.1606396484375 0.8966129557291667 0.1606396484375 0.8966129557291667 0.0692431640625
5 0.833984375 0.187015380859375 0.2244140625 0.187015380859375 0.2244140625 0.217784423828125 0.833984375 0.217784423828125 0.833984375 0.187015380859375
6 0.683681640625 0.22021728515625 0.37638997395833335 0.22021728515625 0.37638997395833335 0.24440185546874998 0.683681640625 0.24440185546874998 0.683681640625 0.22021728515625
9 0.5643847656250001 0.25858154296874997 0.495439453125 0.25858154296874997 0.495439453125 0.28612060546875 0.5643847656250001 0.28612060546875 0.5643847656250001 0.25858154296874997
7 0.8045345052083334 0.2899072265625 0.24426106770833333 0.2899072265625 0.24426106770833333 0.7128271484375 0.8045345052083334 0.7128271484375 0.8045345052083334 0.2899072265625
8 0.6472932942708333 0.7138342285156251 0.4043733723958333 0.7138342285156251 0.4043733723958333 0.738704833984375 0.6472932942708333 0.738704833984375 0.6472932942708333 0.7138342285156251
1 0.6480094401041667 0.73994873046875 0.40435384114583334 0.73994873046875 0.40435384114583334 0.77463623046875 0.6480094401041667 0.77463623046875 0.6480094401041667 0.73994873046875
2 0.4389778645833334 0.793721923828125 0.21004557291666667 0.793721923828125 0.21004557291666667 0.824017333984375 0.4389778645833334 0.824017333984375 0.4389778645833334 0.793721923828125
10 0.46569498697916667 0.82712646484375 0.20894042968749998 0.82712646484375 0.20894042968749998 0.84956787109375 0.46569498697916667 0.84956787109375 0.46569498697916667 0.82712646484375
0 0.8920231119791666 0.7940576171875 0.6370133463541667 0.7940576171875 0.6370133463541667 0.877138671875 0.8920231119791666 0.877138671875 0.8920231119791666 0.7940576171875