4 0.890059814453125 0.6097776692708334 0.851009521484375 0.21537955729166663 0.7921484375 0.21045052083333335 0.822245849609375 0.6067291666666668 0.890059814453125 0.6097776692708334
3 0.917924560546875 0.8705016276041667 0.9085842285156249 0.7617819010416667 0.825523193359375 0.7583857421875 0.829859619140625 0.8673873697916668 0.917924560546875 0.8705016276041667
5 0.79766064453125 0.7204127604166667 0.7693408203124998 0.33140039062500004 0.74549658203125 0.33020865885416667 0.7683376464843751 0.7212363281249999 0.79766064453125 0.7204127604166667
6 0.762798828125 0.6656399739583334 0.743388916015625 0.37663964843750003 0.721114990234375 0.3745719401041666 0.7360703125 0.6643668619791667 0.762798828125 0.6656399739583334
9 0.71888037109375 0.5442464192708333 0.715251220703125 0.4845517578125 0.694073974609375 0.4839762369791667 0.697013916015625 0.5440013020833333 0.71888037109375 0.5442464192708333
7 0.702406982421875 0.7967073567708334 0.680656982421875 0.2643655598958333 0.2790595703125 0.24140006510416667 0.24876513671875 0.7811669921875 0.702406982421875 0.7967073567708334
8 0.251109130859375 0.6107679036458333 0.265818603515625 0.3839368489583333 0.244385009765625 0.3828639322916666 0.226733642578125 0.6096468098958333 0.251109130859375 0.6107679036458333
1 0.224212158203125 0.6088854166666666 0.2416533203125 0.3825358072916667 0.205720458984375 0.3817568359375 0.184427001953125 0.6081380208333333 0.224212158203125 0.6088854166666666
2 0.17764404296875 0.41454329427083336 0.19738232421875 0.200353515625 0.16957885742187503 0.19884440104166667 0.147506103515625 0.415109375 0.17764404296875 0.41454329427083336
10 0.1405546875 0.44824251302083334 0.16371630859375 0.1986194661458333 0.137521728515625 0.1974619140625 0.10994848632812498 0.44897786458333333 0.1405546875 0.44824251302083334
0 0.15299462890625 0.8715813802083333 0.17164208984375 0.6033610026041667 0.075437744140625 0.6031315104166667 0.048314208984375 0.8749726562500001 0.15299462890625 0.8715813802083333