4 0.04632259114583333 0.2430224609375 0.491779296875 0.1702587890625 0.46703190104166664 0.114487060546875 0.015863932291666667 0.181611083984375 0.04632259114583333 0.2430224609375
3 0.6681468098958333 0.161651611328125 0.7768557942708334 0.14635986328125 0.7487080078124999 0.05679394531249999 0.6477639973958333 0.071357421875 0.6681468098958333 0.161651611328125
5 0.184828125 0.2987373046875 0.6736155598958334 0.22415893554687497 0.6634544270833334 0.189384521484375 0.17011197916666665 0.265615966796875 0.184828125 0.2987373046875
6 0.27964648437499995 0.3114208984375 0.5862347005208334 0.2619970703125 0.5773372395833333 0.237308837890625 0.27232877604166666 0.2862177734375 0.27964648437499995 0.3114208984375
9 0.4722307942708333 0.316162109375 0.4602565104166666 0.2931796875 0.3947314453125 0.305681640625 0.4050423177083334 0.327391357421875 0.4722307942708333 0.316162109375
7 0.7704016927083333 0.63057568359375 0.7154895833333333 0.2910439453125 0.16289908854166665 0.364101318359375 0.2910950520833333 0.698572509765625 0.7704016927083333 0.63057568359375
8 0.43831835937499997 0.695215576171875 0.633701171875 0.6670649414062498 0.6297216796875 0.65267431640625 0.4327470703124999 0.680885986328125 0.43831835937499997 0.695215576171875
1 0.6444453125 0.6941708984375 0.6349446614583334 0.66948974609375 0.43652766927083325 0.69745458984375 0.44448600260416665 0.72044189453125 0.6444453125 0.6941708984375
2 0.29708170572916665 0.774624755859375 0.4777194010416667 0.7481838378906249 0.47269791666666666 0.72941796875 0.2892102864583333 0.756093994140625 0.29708170572916665 0.774624755859375
10 0.516126953125 0.76749755859375 0.5082552083333334 0.747929443359375 0.29436751302083336 0.7780864257812499 0.30088183593749995 0.7962099609375 0.516126953125 0.76749755859375
0 0.660625 0.761096435546875 0.861359375 0.732842041015625 0.8547014973958333 0.669690185546875 0.6469765625 0.699659423828125 0.660625 0.761096435546875