4 0.22687903952930116 0.14672259574501967 0.6959270190685624 0.23937577138985983 0.7095253045430993 0.17211413344684187 0.22795965432632115 0.07401042172558545 0.22687903952930116 0.14672259574501967
3 0.959573842932911 0.2931663713835755 0.9984714515966149 0.2174190799133285 0.886270525139976 0.1891323946483078 0.8488265112665823 0.2702982960911364 0.959573842932911 0.2931663713835755
5 0.4614667315752307 0.2581381241099762 0.7060597797604187 0.3040420897767722 0.7106105648069537 0.28055458102069725 0.4684835425296476 0.2342102953605731 0.4614667315752307 0.2581381241099762
6 0.7245996585569031 0.3383635338846241 0.7371011510553468 0.31428259635221856 0.4274437222199809 0.25530326655442237 0.41604341723084426 0.28025853947344453 0.7245996585569031 0.3383635338846241
9 0.5957267922316107 0.34545487873662056 0.5998961429484495 0.3283314035215958 0.5440308608450403 0.3175301346462952 0.5347819291293828 0.3335410458778479 0.5957267922316107 0.34545487873662056
7 0.6970916740296217 0.6835967345621262 0.8331023943671317 0.39663106813114946 0.2851698948308908 0.2971131135609958 0.24270919434717092 0.6117542407280268 0.6970916740296217 0.6835967345621262
8 0.37702454558572274 0.6484196914697831 0.5598721988216744 0.679870477716834 0.5628644861763009 0.6676678636900267 0.3783284632688537 0.6374718675547864 0.37702454558572274 0.6484196914697831
1 0.5569266520506113 0.7019409780093615 0.5615793768121738 0.6824907927027906 0.3736416973908715 0.6497849880038933 0.3694467806382825 0.6704207185090731 0.5569266520506113 0.7019409780093615
2 0.20637908815718994 0.6763277914825636 0.3843556337943138 0.7033506753652679 0.3888955342520721 0.6893200145258767 0.2071185368366022 0.6614877174498784 0.20637908815718994 0.6763277914825636
10 0.40344234788934086 0.7247633826960121 0.4059125213794154 0.7119522443468276 0.20294675635707732 0.6784430157546315 0.20220546184921986 0.6928278436679389 0.40344234788934086 0.7247633826960121
0 0.5352359648596824 0.7591982640430833 0.7338475491635791 0.790394091427396 0.7574798035871765 0.7425162661007304 0.5557593615009377 0.7069315731374124 0.5352359648596824 0.7591982640430833