5 0.5641496777740963 0.17553688667509565 0.4089834833634665 0.18709450632420813 0.4095899005414298 0.22650125222638964 0.5647560949520595 0.21494363257727717 0.5641496777740963 0.17553688667509565
6 0.6882697238231432 0.21312840694224114 0.2885050645122307 0.24290504675107338 0.28906628708404986 0.27937491615109 0.6888309463949625 0.24959827634225779 0.6882697238231432 0.21312840694224114
9 0.5301480636887175 0.2710138544451729 0.4426700273855962 0.2775296929954638 0.4431972977906106 0.3117932521873865 0.5306753340937318 0.3052774136370956 0.5301480636887175 0.2710138544451729
4 0.5600436207276596 0.06752915533490557 0.12484543855794682 0.09994507608753915 0.1259499707482378 0.17172077925901968 0.5611481529179505 0.1393048585063861 0.5600436207276596 0.06752915533490557
3 0.8641066355553965 0.03463392728763723 0.7365537702004621 0.04413475643748067 0.737928270834088 0.13345379155058248 0.8654811361890223 0.12395296240073905 0.8641066355553965 0.03463392728763723
7 0.7311014242981926 0.29404583716076216 0.2389698861608516 0.33070246302394324 0.24470469194263955 0.7033667648504628 0.7368362300799804 0.6667101389872818 0.7311014242981926 0.29404583716076216
8 0.680830092083263 0.6834216961729218 0.30745410840448595 0.71123276431095 0.30800641197442924 0.7471230511176704 0.6813823956532062 0.7193119829796424 0.680830092083263 0.6834216961729218
1 0.6863101777418563 0.7216901369025974 0.30902572569001546 0.749792328961258 0.30964615844235505 0.7901098475100481 0.6869306104941958 0.7620076554513873 0.6863101777418563 0.7216901369025974
2 0.44570539988547037 0.8246166416742865 0.15003628157715487 0.8466396810636049 0.15031812953139176 0.864954978055961 0.44598724783970717 0.8429319386666426 0.44570539988547037 0.8246166416742865
10 0.48631537047892287 0.8406204768820713 0.14935002675221168 0.8657194830961399 0.14970487561255855 0.888778590557996 0.48667021933926974 0.8636795843439274 0.48631537047892287 0.8406204768820713
0 0.8742662057434148 0.7743990453513994 0.6423735201125667 0.7916716701657962 0.6436957059284671 0.8775911367904882 0.8755883915593152 0.8603185119760913 0.8742662057434148 0.7743990453513994