4 0.7478472707510044 0.05052402176129612 0.2765984456238152 0.12068045576167336 0.2986879907403402 0.18985529974889861 0.7530555906236842 0.13048005651658112 0.7478472707510044 0.05052402176129612
3 0.11468770124275836 0.130195800530131 0.012999354954476452 0.14645530287901054 0.031098673142455766 0.23652791019165484 0.13821206333672226 0.2190531232152707 0.11468770124275836 0.130195800530131
5 0.6381184206226753 0.18511278332206096 0.15284651022535375 0.24654737885400382 0.15903222991866547 0.27578376170184943 0.6421180335422045 0.21834710784683903 0.6381184206226753 0.18511278332206096
6 0.5494915546221946 0.23056089752957545 0.24399816915008585 0.2675591525040855 0.25125742564783643 0.29152656198536053 0.5547261074098032 0.25603502403225487 0.5494915546221946 0.23056089752957545
9 0.4375665061983774 0.3028926964697638 0.4312360861630484 0.28117761680827374 0.37057621598470586 0.2898226882425064 0.37608161582182287 0.3125973023675676 0.4375665061983774 0.3028926964697638
7 0.729269646571319 0.6215419791934592 0.6871770199227294 0.28392800056911344 0.14753755071979793 0.3438709635546043 0.2671085195786193 0.6583954170680727 0.729269646571319 0.6215419791934592
8 0.590502810225733 0.6397792102752029 0.3987683062095979 0.6563660778948891 0.404316738466267 0.6686360414814166 0.5929783396947798 0.6522662276983212 0.590502810225733 0.6397792102752029
1 0.5984772403379717 0.6747106505582597 0.594120595507019 0.6552202121627105 0.40450445913205685 0.6715178537443138 0.4078041163694724 0.693009930388026 0.5984772403379717 0.6747106505582597
2 0.7690573161747858 0.6796981467715062 0.5705039089496815 0.6952621092748729 0.574413068079492 0.7128369193033812 0.7705593073338756 0.6986186014463303 0.7690573161747858 0.6796981467715062
10 0.7716295464545014 0.719185992885254 0.7713457455349851 0.7024116550984908 0.5508910274649735 0.7191729633598506 0.552961387227726 0.7364649905612656 0.7716295464545014 0.719185992885254
0 0.4166012934960221 0.6992819037244408 0.20695687289378845 0.718266353460958 0.22829066306155077 0.7731993593302088 0.4324513025990471 0.7580899496482544 0.4166012934960221 0.6992819037244408