4 0.1346201978726175 0.7640476637969073 0.18301096996260255 0.7689214644315304 0.1792708651852802 0.41374054843991853 0.12658356579868554 0.4108234725792079 0.1346201978726175 0.7640476637969073
3 0.10779548120029654 0.109981206676977 0.1102516687871899 0.2243690026003219 0.19600068964311676 0.22675119411722786 0.19692373471336408 0.11571900266191303 0.10779548120029654 0.109981206676977
5 0.2182873758655051 0.5431120722076853 0.2540852756786474 0.5450297423941874 0.25579025800854654 0.3825188188216018 0.21932138170466137 0.38158568891142164 0.2182873758655051 0.5431120722076853
6 0.25766886095400987 0.6389217208815556 0.2934883757713838 0.6403651464005461 0.29887458648613463 0.2810592803472409 0.2582652368500847 0.2789611012346341 0.25766886095400987 0.6389217208815556
9 0.3002393287085066 0.5049166083058936 0.3265463819420755 0.506155855757583 0.3293446176918227 0.4355161892914055 0.301074542711475 0.43656786868361563 0.3002393287085066 0.5049166083058936
7 0.34598331912396385 0.6475961962776715 0.6274699805383044 0.665890819418051 0.6598761314197473 0.28621264841317673 0.3570294176922627 0.277519936346001 0.34598331912396385 0.6475961962776715
8 0.6507125447086017 0.6478404226617308 0.6880690662649113 0.6505254165566424 0.717415565509608 0.30776665834553196 0.6790748634245853 0.3062216360835697 0.6507125447086017 0.6478404226617308
2 0.7760575306768376 0.8075318404527699 0.8005113090690464 0.8088628271685354 0.8262977670737582 0.5998861290155888 0.8004119405200493 0.5987004031730805 0.7760575306768376 0.8075318404527699
10 0.8281204317873696 0.6010240191531173 0.8023151867927145 0.8081070027397999 0.822108410044797 0.8085965718241703 0.8506250512094993 0.6014828604185259 0.8281204317873696 0.6010240191531173
1 0.6922955579585475 0.6501498060600099 0.7432271682658275 0.652964153657046 0.7795765902469391 0.311429014358236 0.7238511620083342 0.30793299477016084 0.6922955579585475 0.6501498060600099
0 0.8942700727098635 0.37759072054920384 0.9277936502826991 0.10249902024298667 0.818055603999987 0.10102253820794276 0.7863311731176316 0.3766546758017488 0.8942700727098635 0.37759072054920384