4 0.09475520833333334 0.16814599609375 0.6361624348958332 0.16742773437500003 0.6343782552083334 0.09049853515625 0.08333463541666666 0.089962890625 0.09475520833333334 0.16814599609375
3 0.8068339843750001 0.173731201171875 0.9202083333333334 0.17218505859375 0.9281126302083332 0.07247802734375 0.8124967447916666 0.07318603515625 0.8068339843750001 0.173731201171875
5 0.19241080729166668 0.24510107421875002 0.8327067057291666 0.24378369140625 0.8332916666666667 0.210412841796875 0.18948437499999998 0.213925537109375 0.19241080729166668 0.24510107421875002
6 0.6816852213541666 0.27318017578125 0.6817766927083334 0.24682421875 0.3464632161458333 0.24849731445312503 0.34865657552083335 0.275374267578125 0.6816852213541666 0.27318017578125
9 0.5533723958333333 0.313221435546875 0.5500823567708333 0.2890869140625 0.47989388020833335 0.28744140625 0.47989388020833335 0.312398681640625 0.5533723958333333 0.313221435546875
7 0.779185546875 0.700798828125 0.8267490234375001 0.319033203125 0.20034928385416664 0.319056640625 0.24611783854166663 0.702145263671875 0.779185546875 0.700798828125
8 0.40294824218749997 0.723199951171875 0.6223544921875 0.7229106445312499 0.6254889322916667 0.70692041015625 0.40270703125 0.708367431640625 0.40294824218749997 0.723199951171875
1 0.6264534505208332 0.751055908203125 0.6253684895833334 0.725171142578125 0.40222493489583333 0.7250087890625001 0.4019837239583333 0.7497897949218749 0.6264534505208332 0.751055908203125
2 0.22174186197916668 0.789501708984375 0.4334983723958334 0.78914697265625 0.4318440755208333 0.7701755371093749 0.2191419270833333 0.7707072753906249 0.22174186197916668 0.789501708984375
10 0.46445833333333336 0.8123740234375 0.461740234375 0.79147265625 0.22103287760416668 0.792693115234375 0.22386881510416667 0.813260498046875 0.46445833333333336 0.8123740234375
0 0.616970703125 0.82534130859375 0.8397086588541667 0.824326416015625 0.8488723958333333 0.758930419921875 0.6199632161458334 0.7591174316406248 0.616970703125 0.82534130859375