4 0.8988310999248545 0.5044939611561441 0.9027180643071269 0.1261006372720413 0.836000801567189 0.12511619942179647 0.8396516846507779 0.5081919075109901 0.8988310999248545 0.5044939611561441
3 0.8997686452836305 0.7940536316222326 0.9027523577203895 0.7019588735589928 0.8165825975462959 0.7064663097859148 0.8173436955673062 0.8001092295552612 0.8997686452836305 0.7940536316222326
5 0.797176238672798 0.5638680552228519 0.7969320017492942 0.3984666156059043 0.7580207412264874 0.40089806501016717 0.7602104558909097 0.5661779374861224 0.797176238672798 0.5638680552228519
6 0.7562098453050322 0.668858311120137 0.7532843707966937 0.2938447498802607 0.7185965343397295 0.29613916808660146 0.7235406745554661 0.672202412562241 0.7562098453050322 0.668858311120137
9 0.7165323119601587 0.5223537703560807 0.7148282349834943 0.445169334722562 0.683637961459558 0.4460064271224937 0.6855164838941374 0.5234457863913375 0.7165323119601587 0.5223537703560807
7 0.6623374521944237 0.6720123857298108 0.655777963985444 0.2948866501470764 0.3601050956640173 0.3126307844444047 0.38474282805326754 0.6893584514811114 0.6623374521944237 0.6720123857298108
8 0.35472446601755087 0.6703736954821371 0.3312458379670065 0.3362714917092508 0.29924518605581557 0.3376497739346694 0.32525817867011547 0.6737573892689929 0.35472446601755087 0.6703736954821371
1 0.25926188428881497 0.6787361798353955 0.31910822293469193 0.6739707714920614 0.2936164121771642 0.33878918704564387 0.23419061232128774 0.34341807350347264 0.25926188428881497 0.6787361798353955
2 0.1628365228186531 0.17061377670361935 0.14256099043037837 0.1723885730696216 0.163604207316723 0.3942195376376499 0.1815650799037794 0.3924794600083817 0.1628365228186531 0.17061377670361935
10 0.1627387113175983 0.40632377406831566 0.14027745332951988 0.17291744352121577 0.1207023748915262 0.17477991496135317 0.14310461556516493 0.4072417725971552 0.1627387113175983 0.40632377406831566
0 0.2654600216278085 0.8565828713323256 0.24399893704204356 0.6246000491999683 0.1500868976841259 0.6300205102388878 0.1741815110672477 0.8632272540060976 0.2654600216278085 0.8565828713323256