4 0.90169091796875 0.5258922526041666 0.929168212890625 0.14848828125000002 0.86264404296875 0.1433450520833333 0.842397705078125 0.5258922526041666 0.90169091796875 0.5258922526041666
3 0.884568603515625 0.8149388020833334 0.893289794921875 0.7232119140625 0.807009033203125 0.7223365885416667 0.8019287109375 0.8158421223958333 0.884568603515625 0.8149388020833334
5 0.796533935546875 0.5788095703125 0.806605224609375 0.41371940104166666 0.767619140625 0.41371940104166666 0.7594970703125 0.5788095703125 0.796533935546875 0.5788095703125
6 0.7491008300781249 0.6810377604166667 0.769568359375 0.30658203125000005 0.734805908203125 0.30670865885416665 0.71628759765625 0.6823378906249999 0.7491008300781249 0.6810377604166667
9 0.7186381835937499 0.5323479817708333 0.7217509765624999 0.4552096354166667 0.690570068359375 0.4540999348958333 0.687615478515625 0.5315035807291667 0.7186381835937499 0.5323479817708333
7 0.655217041015625 0.6783313802083333 0.672189453125 0.30154101562499996 0.37599365234375 0.3008108723958333 0.377088623046875 0.6783313802083333 0.655217041015625 0.6783313802083333
8 0.3483134765625 0.6575120442708333 0.34571704101562495 0.32260514322916667 0.313693603515625 0.3219850260416667 0.3186943359375 0.6590514322916667 0.3483134765625 0.6575120442708333
1 0.252517822265625 0.6599046223958334 0.312543212890625 0.6588808593750001 0.3080048828125 0.3227711588541667 0.24840771484375 0.3236848958333333 0.252517822265625 0.6599046223958334
2 0.18797119140624996 0.14677180989583333 0.167625 0.14727864583333333 0.17479248046875 0.36998404947916663 0.192826416015625 0.3693675130208333 0.18797119140624996 0.14677180989583333
10 0.17317382812500004 0.3820104166666667 0.16531298828125 0.1476640625 0.145660400390625 0.14830208333333333 0.15352124023437497 0.3817021484375 0.17317382812500004 0.3820104166666667
0 0.247612548828125 0.8377867838541667 0.2406611328125 0.6049235026041666 0.146596435546875 0.6044765624999999 0.156099853515625 0.8387255859375 0.247612548828125 0.8377867838541667