4 0.7665339213631804 0.7817651981607193 0.77127024537274 0.7258738471123486 0.4199283231678433 0.7012801486804515 0.4151919991582837 0.7571714997288225 0.7665339213631804 0.7817651981607193
3 0.27335579580942393 0.7552824270342263 0.27933352419030694 0.6847417894567713 0.17956368115623922 0.6777579674955919 0.17358595277535624 0.7482986050730469 0.27335579580942393 0.7552824270342263
5 0.5433971665383786 0.6812859346490973 0.5456395370278929 0.6548246714506768 0.4105434620182432 0.6453680369925133 0.40830109152872884 0.6718293001909338 0.5433971665383786 0.6812859346490973
6 0.6340625504828928 0.6501121417029738 0.6362004902804889 0.6248832208127356 0.3153059522191008 0.6024208188084507 0.31316801242150494 0.6276497396986889 0.6340625504828928 0.6501121417029738
9 0.5182694162945952 0.6058289396741451 0.5201807456184233 0.5832741528834805 0.44819827660665446 0.5782354284291116 0.44628694728282636 0.6007902152197763 0.5182694162945952 0.6058289396741451
7 0.6913931220183586 0.5866119612854287 0.7174525009625848 0.2790962816709098 0.3002980356612137 0.24989574945216125 0.27423865671698744 0.5574114290666802 0.6913931220183586 0.5866119612854287
8 0.6639281009205418 0.2543416665295067 0.6661232092984961 0.2284381234666077 0.35875255196311395 0.20692238402429944 0.3565574435851595 0.23282592708719843 0.6639281009205418 0.2543416665295067
1 0.6648273347596578 0.22420707214534272 0.6683210160892941 0.1829796203806986 0.3557406316140785 0.16109920353984516 0.3522469502844422 0.2023266553044893 0.6648273347596578 0.22420707214534272
2 0.8192899874549584 0.15253224725723394 0.8206709079285287 0.13623659037176403 0.5675904083840865 0.11852112548864094 0.5662094879105163 0.13481678237411085 0.8192899874549584 0.15253224725723394
10 0.8225050339387572 0.13411596434176523 0.8241472375268901 0.11473701622673255 0.5248669036577247 0.09378759398988595 0.5232247000695917 0.11316654210491864 0.8225050339387572 0.13411596434176523
0 0.39714504386224786 0.14121213472907804 0.4039431516905141 0.06099054720098134 0.18212101498507186 0.045463146709129064 0.17532290715680554 0.12568473423722576 0.39714504386224786 0.14121213472907804