4 0.1145529420353557 0.8455923446714673 0.4843883749199622 0.8945408885293662 0.49145915097369786 0.8292721702787283 0.11919876748163266 0.7870279719087441 0.1145529420353557 0.8455923446714673
3 0.7019003156141054 0.9199830332680288 0.8151918728992077 0.9364851487849385 0.8337596211015968 0.8440266460444517 0.7125260450113557 0.8307381321947744 0.7019003156141054 0.9199830332680288
5 0.3574685306043699 0.7658448741880847 0.5544684013075434 0.7897025627726234 0.5598591744119751 0.7472449094773889 0.35943190831398936 0.7283758193557482 0.3574685306043699 0.7658448741880847
6 0.2568612601705277 0.6747916095759322 0.2584896471574235 0.7115221261315592 0.6866542826127059 0.7532478451108184 0.6908655341673291 0.71528761600202 0.2568612601705277 0.6747916095759322
9 0.4159700425745591 0.6530464827401637 0.41501843754697026 0.6859348903057636 0.5081050533012503 0.6944045010354711 0.5087236827852756 0.6604990063458901 0.4159700425745591 0.6530464827401637
7 0.2808436723710567 0.29687271145908295 0.2588186280503779 0.615052060718408 0.6802339427473268 0.6451995701233265 0.7072018202536589 0.3035852404368557 0.2808436723710567 0.29687271145908295
8 0.31452610687310917 0.24235309868961785 0.31269694935717 0.27143359404102824 0.6858207920379058 0.2723597471564841 0.6864447150751446 0.239399790466794 0.31452610687310917 0.24235309868961785
1 0.6889247941615793 0.1664149558971801 0.32144197863493207 0.1727423262943196 0.3158400419567804 0.2344625415220976 0.6855720795677244 0.23217587395891123 0.6889247941615793 0.1664149558971801
2 0.15579638717996597 0.11514287940729571 0.37367245445600566 0.10836681756294364 0.3755629899648416 0.08802141103631841 0.15766914330794532 0.09629290574290428 0.15579638717996597 0.11514287940729571
10 0.3787461382079905 0.06520047583381647 0.16001702181001892 0.0752936058596439 0.15701619013258994 0.09496298140628001 0.37747975760548125 0.08584919487381934 0.3787461382079905 0.06520047583381647
0 0.6325500240329008 0.03191978136290271 0.6270505187987484 0.1468072275793257 0.9181601460508888 0.14504468746164856 0.9279139142199246 0.020824823412039884 0.6325500240329008 0.03191978136290271