4 0.23498600260416666 0.131057861328125 0.69065625 0.2044814453125 0.7136481119791668 0.143552978515625 0.2444000651041667 0.06206201171875 0.23498600260416666 0.131057861328125
3 0.9345133463541666 0.25410546875 0.97307421875 0.180041259765625 0.8729606119791667 0.15848950195312497 0.8418222656250001 0.2350908203125 0.9345133463541666 0.25410546875
5 0.4069479166666667 0.224796630859375 0.7486321614583332 0.280816650390625 0.7651676432291666 0.254966064453125 0.4164723307291667 0.19502441406250004 0.4069479166666667 0.224796630859375
6 0.408619140625 0.2549169921875 0.7242438151041667 0.304678466796875 0.7308580729166666 0.282307373046875 0.4250221354166666 0.2307021484375 0.408619140625 0.2549169921875
9 0.5890517578125 0.317240234375 0.5972532552083334 0.296741455078125 0.5387845052083333 0.284689208984375 0.5282021484375 0.306125244140625 0.5890517578125 0.317240234375
7 0.6714374999999999 0.64694287109375 0.8163642578125 0.35909814453125 0.28943457031250003 0.2742529296875 0.23163118489583334 0.587237060546875 0.6714374999999999 0.64694287109375
8 0.35504980468749997 0.620875244140625 0.5372789713541667 0.646803955078125 0.5401083984375 0.632338623046875 0.3575963541666667 0.607288818359375 0.35504980468749997 0.620875244140625
1 0.5330345052083333 0.66842724609375 0.53833984375 0.650517822265625 0.35306901041666666 0.622361083984375 0.34939029947916667 0.64104248046875 0.5330345052083333 0.66842724609375
2 0.18858691406250003 0.652214111328125 0.36974348958333336 0.677588623046875 0.3746116536458334 0.662017822265625 0.1896119791666667 0.63683544921875 0.18858691406250003 0.652214111328125
10 0.3833235677083333 0.6998874511718749 0.3888326822916667 0.6834677734375 0.187818359375 0.654136474609375 0.1870498046875 0.6723984375 0.3833235677083333 0.6998874511718749
0 0.5098385416666666 0.7273623046875 0.6934290364583333 0.7521701660156249 0.7209739583333332 0.70314111328125 0.53238671875 0.6754597167968751 0.5098385416666666 0.7273623046875