4 0.6363761110722287 0.8622329649349522 0.1287575482408516 0.84557202455973 0.12556645656993712 0.9249660674640215 0.6331850194013142 0.9416270078392436 0.6363761110722287 0.8622329649349522
3 0.9211409612622581 0.8622518230450259 0.797228379866222 0.8581847926376585 0.7931453724301138 0.9597696109352825 0.91705795382615 0.9638366413426497 0.9211409612622581 0.8622518230450259
5 0.7895695227722754 0.7900947822886509 0.25825202794753355 0.7726560009875659 0.25662120001287 0.8132308375534775 0.7879386948376117 0.8306696188545624 0.7895695227722754 0.7900947822886509
6 0.7863139481839975 0.7586138443771524 0.259509760880167 0.7413231978233108 0.2581448981439711 0.7752808467444235 0.7849490854478017 0.7925714932982653 0.7863139481839975 0.7586138443771524
9 0.5695134416525555 0.7134137143730435 0.4979936247800901 0.7110663073004722 0.49686616787972215 0.7391173226744379 0.5683859847521875 0.7414647297470093 0.5695134416525555 0.7134137143730435
7 0.8690485364522287 0.2727070742558067 0.2414156924483567 0.2521070525916006 0.22361722285318428 0.6949312031948572 0.8512500668570563 0.7155312248590634 0.8690485364522287 0.2727070742558067
8 0.6696676796244907 0.24062025322518116 0.427670443126544 0.23267747527440694 0.4268411420464509 0.2533104035395542 0.6688383785443975 0.26125318149032845 0.6696676796244907 0.24062025322518116
1 0.6723106808864232 0.20984269698949515 0.4296593890087337 0.20187845178263153 0.428547536708571 0.22954122625788037 0.6711988285862605 0.237505471464744 0.6723106808864232 0.20984269698949515
2 0.46440217202904294 0.14846742487942427 0.234207218428245 0.14091201875867942 0.23324189234258863 0.16492923561264247 0.46343684594338663 0.17248464173338734 0.46440217202904294 0.14846742487942427
10 0.5103673576259459 0.12255798985514446 0.23291446233358715 0.11345149438024543 0.23203255706663842 0.1353932095744008 0.5094854523589971 0.1444997050492998 0.5103673576259459 0.12255798985514446
0 0.9373995741622378 0.10915462727514925 0.6747816961646408 0.10053504334508175 0.6711746781058644 0.19027729334850857 0.9337925561034613 0.19889687727857608 0.9373995741622378 0.10915462727514925