4 0.21084710796265796 0.1456578201988878 0.6332614973000376 0.17926419394334564 0.6317344328277664 0.11524267402184517 0.205360078336938 0.06774459653776277 0.21084710796265796 0.1456578201988878
3 0.7602000188475848 0.19440427306640004 0.8584981768539116 0.20384986664542334 0.8592699480125762 0.12704874463835786 0.7691751670786345 0.1172123733025558 0.7602000188475848 0.19440427306640004
5 0.443423908699069 0.23174871715755122 0.6603292202507062 0.24548528312785722 0.6605911357372586 0.2194213352692055 0.4437110204416927 0.20317741888169968 0.443423908699069 0.23174871715755122
6 0.413613222174954 0.25704294935950706 0.6848735762712896 0.2719837733859612 0.6885110707096131 0.2510253085261915 0.41488133890156953 0.23317093810190337 0.413613222174954 0.25704294935950706
9 0.5759294601692356 0.30297340502823705 0.5755328841771231 0.28275544970893407 0.5251009688576849 0.2798626417478093 0.5238690044540998 0.3001370335028797 0.5759294601692356 0.30297340502823705
7 0.7580210775895531 0.6876808322878721 0.7934562511600559 0.3186296567534581 0.27805621254711926 0.296562850182213 0.2718185598501705 0.711965110532947 0.7580210775895531 0.6876808322878721
8 0.6291702386030577 0.7159354345277855 0.6283110764924096 0.6989168149159746 0.4263121521210036 0.7089611980119082 0.42558761937050715 0.7298033622443948 0.6291702386030577 0.7159354345277855
1 0.6267960342282202 0.7471666769371313 0.6306837510672451 0.7190635370845032 0.42506877715044705 0.730176682381871 0.42635364142233 0.7560906114768775 0.6267960342282202 0.7471666769371313
2 0.24503548243392637 0.8183681592577489 0.4542912077595252 0.801265635820234 0.45360035274622673 0.7813982637022248 0.24364669299629885 0.7990376185793123 0.24503548243392637 0.8183681592577489
10 0.476068168142486 0.8300487713586843 0.47252545875452723 0.8083964475104104 0.24258364460709606 0.8260257126028357 0.24393398533317687 0.849214793714917 0.476068168142486 0.8300487713586843
0 0.6245944241863941 0.8398270117347555 0.8266335666773001 0.822021912702347 0.8326160297517499 0.7387206529311636 0.6242483238052164 0.7561025678964952 0.6245944241863941 0.8398270117347555