4 0.18502734375000002 0.262383544921875 0.5663697916666666 0.25963720703125 0.5675901692708334 0.21157373046875 0.18929850260416664 0.215235595703125 0.18502734375000002 0.262383544921875
3 0.7944912109375001 0.260923095703125 0.7891559244791666 0.20231201171875 0.6980738932291667 0.203169677734375 0.6995983072916667 0.260923095703125 0.7944912109375001 0.260923095703125
5 0.23708365885416668 0.311764404296875 0.7636507161458334 0.306354248046875 0.7621982421874999 0.279912841796875 0.23708365885416668 0.2872890625 0.23708365885416668 0.311764404296875
6 0.6411542968749999 0.32891552734375 0.6398691406250001 0.308993896484375 0.3557158203125 0.31206835937499994 0.35436295572916665 0.3323662109375 0.6411542968749999 0.32891552734375
9 0.5245439453124999 0.356302734375 0.5221764322916667 0.339177978515625 0.46529166666666666 0.339049560546875 0.46529166666666666 0.35670849609375 0.5245439453124999 0.356302734375
7 0.7500540364583335 0.35906982421875 0.241380859375 0.362276123046875 0.20892415364583336 0.743757568359375 0.7915113932291667 0.743757568359375 0.7500540364583335 0.35906982421875
8 0.372478515625 0.77730517578125 0.6210276692708333 0.774522216796875 0.6207513020833333 0.75469677734375 0.3744137369791667 0.7565634765625 0.372478515625 0.77730517578125
1 0.6243453776041668 0.81898046875 0.622064453125 0.7778916015625 0.37303125 0.779586669921875 0.37054296875000003 0.819602783203125 0.6243453776041668 0.81898046875
2 0.15073177083333333 0.8752673339843748 0.40517740885416664 0.87323291015625 0.4052750651041667 0.842413330078125 0.15307779947916667 0.844760009765625 0.15073177083333333 0.8752673339843748
10 0.43342740885416664 0.909859619140625 0.43303613281250003 0.8798310546875 0.14877669270833332 0.879645751953125 0.14447591145833333 0.907806396484375 0.43342740885416664 0.909859619140625
0 0.90999609375 0.9328647460937499 0.8988125000000001 0.834587890625 0.6277708333333334 0.835142333984375 0.6317177734375 0.935826171875 0.90999609375 0.9328647460937499