4 0.16140641063665287 0.8939997075015825 0.5834641593951454 0.9108592384299721 0.5865012765349547 0.847326053516488 0.16660003162413192 0.8223161872360032 0.16140641063665287 0.8939997075015825
3 0.727261912637775 0.933517715625843 0.813637160251745 0.93770121727174 0.8130246300776173 0.8550316917369732 0.7301529003219213 0.8483982026190517 0.727261912637775 0.933517715625843
5 0.2888366424409786 0.7908828573348706 0.7166299724889323 0.8232807657062632 0.7179570795985264 0.7955191294201077 0.290805446628029 0.7620226331697716 0.2888366424409786 0.7908828573348706
6 0.36457896399185696 0.7341364278260472 0.36133328333502734 0.7650711565467119 0.6586606823607286 0.7885246022430108 0.6618880985417976 0.7610480737339087 0.36457896399185696 0.7341364278260472
9 0.4902383718012039 0.7380144220859395 0.5422237270475493 0.743410192653826 0.5442840787390971 0.72108399053857 0.4909882296793339 0.7159367025755339 0.4902383718012039 0.7380144220859395
7 0.2814767420816121 0.2791836952496705 0.24096739056354058 0.6863877556226695 0.7640225092864268 0.7345324255226435 0.7674150696484427 0.3705182009953967 0.2814767420816121 0.2791836952496705
8 0.4303492958736783 0.299266326987957 0.6336175876804911 0.33779290437237236 0.6335885155208097 0.32153704909795144 0.43177123844186227 0.2830147810338546 0.4303492958736783 0.299266326987957
1 0.43226118912994566 0.2457776560996616 0.4306707309719637 0.2790483096822144 0.6358909801341235 0.31835181178074073 0.636438908254022 0.28776991201880403 0.43226118912994566 0.2457776560996616
2 0.25270266102898675 0.18724805250074075 0.46227696960397113 0.23221015506285902 0.46638768365123306 0.21076247707871967 0.25629182543865203 0.16513071510453048 0.25270266102898675 0.18724805250074075
10 0.2555615358950136 0.13406742931505292 0.2536596982774428 0.16061078339517193 0.4908689835969366 0.21171784721181006 0.49077250433385916 0.18559977773230937 0.2555615358950136 0.13406742931505292
0 0.6392752857846583 0.27679953757516995 0.8327857663440318 0.3174157032153936 0.8311562065519648 0.24410646408905273 0.6414151180613006 0.20135733285862617 0.6392752857846583 0.27679953757516995