4 0.2439148327238499 0.1207291916654723 0.7072107828760288 0.21360647100606622 0.7253416331104785 0.1463666502686409 0.24988158175755903 0.04803350632707156 0.2439148327238499 0.1207291916654723
3 0.9675094856684884 0.2675226624744154 1 0.2116492228930701 1 0.1888515711807313 0.9011216387551715 0.16347327695649724 0.858186893225142 0.24460189105547703 0.9675094856684884 0.2675226624744154
5 0.4712536832360578 0.2322425491046136 0.713009257739098 0.2782639056534031 0.7191425979700983 0.2547839123794039 0.479885116856854 0.2083236171971223 0.4712536832360578 0.2322425491046136
6 0.729261992975363 0.3125874927610227 0.7433939220974963 0.2885183433912623 0.437386839768084 0.2293905848014887 0.4242984672069606 0.25433445183079656 0.729261992975363 0.3125874927610227
9 0.5997828252258502 0.3196101354017374 0.6051067898139058 0.3024925830541066 0.5499108703525996 0.2916645713686943 0.5395769511759467 0.3076671567005133 0.5997828252258502 0.3196101354017374
7 0.678532373032232 0.6577307464760701 0.8339594742667482 0.3708988002995856 0.2921607009288952 0.27111714289738265 0.22851857232955514 0.5856672323714696 0.678532373032232 0.6577307464760701
8 0.36050598331984607 0.622394637386055 0.5414249468591564 0.6539338077314748 0.5452400620248593 0.6417354254836054 0.36254672626821394 0.6114498906993909 0.36050598331984607 0.622394637386055
1 0.5369936620347742 0.6759979393065493 0.542957803929941 0.6565544383315001 0.35702800065253687 0.6237578722602275 0.35144247929586775 0.6443868973126763 0.5369936620347742 0.6759979393065493
2 0.18781358629280212 0.6502077102863965 0.3641540141835615 0.6773174099948148 0.3696411164278629 0.6632921877002544 0.18955078563166997 0.6353712718579195 0.18781358629280212 0.6502077102863965
10 0.38182138761067924 0.6987353725615731 0.38515474539576866 0.6859283272252902 0.18423568751512479 0.652320682863841 0.18252722543269645 0.6667019739204795 0.38182138761067924 0.6987353725615731
0 0.5114343799197053 0.7332313827806894 0.7081502907989656 0.764523863881617 0.7350229536088081 0.7166688384494178 0.5354899103167396 0.6809868331649293 0.5114343799197053 0.7332313827806894