5 0.4224231770833333 0.256941162109375 0.5433544921875 0.257968017578125 0.5436888020833334 0.225166259765625 0.4219772135416667 0.225835205078125 0.4224231770833333 0.256941162109375
6 0.32567838541666666 0.293720458984375 0.6600501302083333 0.303420166015625 0.6569293619791666 0.26395263671875 0.32389485677083335 0.261611328125 0.32567838541666666 0.293720458984375
9 0.4518479817708333 0.336842529296875 0.5121461588541667 0.33905322265625 0.5147099609375 0.309081298828125 0.4505104166666667 0.30841235351562496 0.4518479817708333 0.336842529296875
7 0.6853225911458334 0.69225146484375 0.7104986979166668 0.35240478515625 0.2834733072916667 0.3377438964843749 0.2854098307291667 0.6457587890625 0.6853225911458334 0.69225146484375
4 0.19729361979166668 0.194687255859375 0.5531477864583333 0.1917255859375 0.5507272135416668 0.129306884765625 0.19729361979166668 0.13366552734375 0.19729361979166668 0.194687255859375
3 0.7192135416666666 0.1990458984375 0.8383157552083333 0.20267822265625 0.832505859375 0.10678686523437499 0.7192135416666666 0.10678686523437499 0.7192135416666666 0.1990458984375
8 0.33214453125 0.696556640625 0.6294410807291667 0.735284423828125 0.6317076822916667 0.70704248046875 0.330255859375 0.672750732421875 0.33214453125 0.696556640625
1 0.6324632161458333 0.7399174804687502 0.3314837239583333 0.7005778808593749 0.32761165364583333 0.740767578125 0.6279300130208333 0.783278076171875 0.6324632161458333 0.7399174804687502
2 0.2108463541666667 0.77362353515625 0.4275559895833333 0.80472265625 0.42770833333333336 0.78527734375 0.20840983072916666 0.75580029296875 0.2108463541666667 0.77362353515625
10 0.4657809244791667 0.830064208984375 0.4663899739583333 0.809727294921875 0.20993261718750003 0.77453759765625 0.212369140625 0.790989990234375 0.4657809244791667 0.830064208984375
0 0.8231575520833332 0.91067529296875 0.8277503255208335 0.834461181640625 0.6051458333333334 0.7961237792968748 0.5998382161458333 0.87514599609375 0.8231575520833332 0.91067529296875