4 0.6635615234375001 0.16433935546875003 0.6658776041666667 0.081931884765625 0.16637272135416664 0.059501708984375 0.16714485677083335 0.153913330078125 0.6635615234375001 0.16433935546875003
3 0.8056152343749999 0.17244824218750002 0.9221920572916668 0.178240234375 0.932228515625 0.08440795898437502 0.8094755859374999 0.07919506835937501 0.8056152343749999 0.17244824218750002
5 0.2536126302083333 0.22631494140625 0.8511650390625 0.23392578125 0.8534814453125 0.204884033203125 0.2536126302083333 0.19503759765625 0.2536126302083333 0.22631494140625
6 0.7257584635416667 0.264080810546875 0.7266158854166668 0.23518554687500004 0.39395865885416664 0.23191918945312498 0.3948160807291667 0.26182958984375 0.7257584635416667 0.264080810546875
9 0.5285647786458333 0.3032919921875 0.5997259114583332 0.30393505859375 0.6010120442708333 0.2756328125 0.5281360677083333 0.27498974609375 0.5285647786458333 0.3032919921875
7 0.8044039713541666 0.7072910156250001 0.8405423177083334 0.30879052734375 0.25458268229166664 0.309315673828125 0.2636171875 0.752801513671875 0.8044039713541666 0.7072910156250001
8 0.43238964843749994 0.762438232421875 0.6571845703125 0.7440578613281251 0.6582880859375 0.724346923828125 0.4327574869791667 0.74284033203125 0.43238964843749994 0.762438232421875
1 0.6546090494791668 0.776239501953125 0.6585641276041666 0.749231689453125 0.43202180989583333 0.7657504882812499 0.43202180989583333 0.7991494140625 0.6546090494791668 0.776239501953125
2 0.22414876302083334 0.863885498046875 0.46893001302083337 0.8402980957031251 0.4683684895833333 0.816289306640625 0.22302604166666667 0.8402980957031251 0.22414876302083334 0.863885498046875
10 0.49419401041666666 0.865149169921875 0.4947555338541666 0.842768798828125 0.22414876302083334 0.86893994140625 0.2247102864583333 0.893369873046875 0.49419401041666666 0.865149169921875
0 0.6294973958333334 0.874432861328125 0.8681028645833332 0.848558349609375 0.875962890625 0.7670253906250001 0.6356731770833334 0.790191650390625 0.6294973958333334 0.874432861328125