4 0.3749910585551662 0.8126852969109374 0.3752317364152937 0.8767230297211199 0.800785773866671 0.9264794571622 0.7968631133632409 0.8485273346392894 0.3749910585551662 0.8126852969109374
3 0.15017755554846723 0.7869066917406974 0.1478617959502776 0.8637135092279253 0.23778726404325812 0.8740270543948697 0.2483168417960064 0.7968727434528335 0.15017755554846723 0.7869066917406974
5 0.3492458827181733 0.7463127974094266 0.34845998485831087 0.7723786781395533 0.5650819630058381 0.7897703223423191 0.5659434641986065 0.7611969052528579 0.3492458827181733 0.7463127974094266
6 0.3252264230800774 0.7196812808082171 0.3211665051071566 0.7406231975407844 0.594523619881233 0.7599252783744531 0.5962719770597784 0.736056928371398 0.3252264230800774 0.7196812808082171
9 0.43481810306579055 0.7094858218951794 0.48520777072835514 0.7126454026050705 0.48684765003996444 0.692374938899746 0.43482779415727013 0.6892631991044155 0.43481810306579055 0.7094858218951794
7 0.21754712405518536 0.6724558782999841 0.7326660948996149 0.6972480736694953 0.747255529820419 0.2818259068475561 0.2604116022881734 0.3035449288873817 0.21754712405518536 0.6724558782999841
8 0.39038834580867365 0.2929927046849321 0.5926528509152431 0.2840140951059395 0.5937965511401798 0.2631731061903871 0.3898709965233955 0.2759673810982142 0.39038834580867365 0.2929927046849321
1 0.388419883498106 0.272830885443683 0.5943230608744295 0.2628024793150579 0.5935586758709734 0.2368784656324125 0.39287371468599513 0.24474470640545826 0.388419883498106 0.272830885443683
2 0.5665203448464772 0.19155011400198096 0.5668120724685726 0.21142366350019104 0.7771864839415499 0.1948911363254119 0.7761858112517268 0.1755507997624268 0.5665203448464772 0.19155011400198096
10 0.5484236785095268 0.18432207323993685 0.7787923431229558 0.16790522379405426 0.777907690067913 0.14470605893269886 0.5453150759439327 0.16264828007899965 0.5484236785095268 0.18432207323993685
0 0.1944778123154368 0.168824311792329 0.18681906168342285 0.25210456885392957 0.3956018446733149 0.23582113660783624 0.39693854291337544 0.15208421123817775 0.1944778123154368 0.168824311792329