4 0.6755377746307673 0.8685379761152189 0.16901830466426007 0.8951144881659568 0.17493448858886482 0.9743880216682639 0.6814539585553719 0.9478115096175258 0.6755377746307673 0.8685379761152189
3 0.9586183033787751 0.844347434695684 0.8349740168089177 0.8508349126049656 0.8425437846027154 0.9522655389096397 0.9661880711725728 0.9457780610003581 0.9586183033787751 0.844347434695684
5 0.8195661340703239 0.7837320368397241 0.28939904490507024 0.8115493131135004 0.2924225487732897 0.8520625625739905 0.8225896379385432 0.8242452863002142 0.8195661340703239 0.7837320368397241
6 0.8127261614134139 0.7526832266079828 0.2870626075809436 0.7802642074022379 0.2895930203085917 0.8141703132123742 0.8152565741410619 0.7865893324181192 0.8127261614134139 0.7526832266079828
9 0.5920354866972505 0.7261374663248448 0.520670524131103 0.7298819063712758 0.5227607938812449 0.7578903441038456 0.5941257564473922 0.7541459040574144 0.5920354866972505 0.7261374663248448
7 0.839348156468308 0.26214066193611396 0.21307425957770765 0.2950005552959415 0.24607206426670547 0.7371525588259245 0.8723459611573058 0.7042926654660968 0.839348156468308 0.26214066193611396
8 0.637475069725302 0.24716256507064055 0.3960018042863914 0.25983239817556075 0.3975393024922321 0.28043400845064903 0.6390125679311426 0.2677641753457288 0.637475069725302 0.24716256507064055
1 0.6365792567716989 0.21631219751172256 0.394453352110085 0.22901627386926268 0.3965146914206138 0.2566370600002063 0.6386405960822278 0.2439329836426662 0.6365792567716989 0.21631219751172256
2 0.42287632092813265 0.17291516366495954 0.19317978414964415 0.1849670849427536 0.19496946845173274 0.20894784691503374 0.4246660052302213 0.19689592563723968 0.42287632092813265 0.17291516366495954
10 0.4656033851694073 0.14322585474974825 0.1887512293296258 0.15775197880266043 0.1903862540488784 0.17966038944549376 0.4672384098886599 0.16513426539258158 0.4656033851694073 0.14322585474974825
0 0.8885722562111441 0.09358445822445231 0.6265229969698917 0.10733389079132413 0.633210295379272 0.19693992421621379 0.8952595546205244 0.18319049164934195 0.8885722562111441 0.09358445822445231