4 0.38082965790732476 0.15938736292560735 0.818387460210617 0.15058073345721332 0.8136554404319937 0.07723544158332853 0.37609763812870156 0.08604207105172253 0.38082965790732476 0.15938736292560735
3 0.14273678160182232 0.1747451138997712 0.24799647350982326 0.17262657527536213 0.2426478500556031 0.08972405864906398 0.1373881581476021 0.09184259727347303 0.14273678160182232 0.1747451138997712
5 0.7007177279099657 0.18344159430622858 0.2540655080696749 0.19491765916619677 0.256104820384455 0.2265265627521989 0.7018830976463326 0.21176356913713368 0.7007177279099657 0.18344159430622858
6 0.6225552974452926 0.2399351686786583 0.6203674743787286 0.21786711256878333 0.3343026050824021 0.2267835122294516 0.3374021772089699 0.25113066347196206 0.6225552974452926 0.2399351686786583
9 0.5117768121066524 0.276338034975066 0.5081543943449431 0.25573466453898824 0.4568119010066345 0.2581664369177045 0.45456007835308054 0.2780640461023079 0.5117768121066524 0.276338034975066
7 0.7635896719257622 0.6519589773825614 0.7471365493880306 0.27515264371819953 0.22590760549310168 0.291489947482223 0.2710163262026033 0.6625289564359095 0.7635896719257622 0.6519589773825614
8 0.6171668911978984 0.6608922125456343 0.41647178647508437 0.6652082592512911 0.4177660150467138 0.6795640398296858 0.6180579346959034 0.6747031956967909 0.6171668911978984 0.6608922125456343
1 0.6202142205866392 0.7081251646272677 0.6186927989538964 0.6788389708023943 0.4159037674785317 0.683504172022737 0.4198332044625363 0.7116050325041111 0.6202142205866392 0.7081251646272677
2 0.7921257879901498 0.7283484572942361 0.6009885193814926 0.7324721355385512 0.6006584779893223 0.75017954751754 0.791724788104066 0.744950984080212 0.7921257879901498 0.7283484572942361
10 0.7948701704644561 0.7708857971635404 0.7941509893411831 0.7540291154565945 0.5721148299352302 0.758468900530485 0.5709980898642866 0.7753916211981844 0.7948701704644561 0.7708857971635404
0 0.4340758630404456 0.7998234423720537 0.4234385079291865 0.7229551670089498 0.19300657445594943 0.7304375112633819 0.2036442545531358 0.8073057800855656 0.4340758630404456 0.7998234423720537