4 0.4606209774805493 0.8331054925434389 0.47971803115725 0.8906217044310494 0.9355208274376268 0.8585016063179105 0.911298323095886 0.7949217978152245 0.4606209774805493 0.8331054925434389
3 0.17445462870848885 0.8349413877950199 0.19358052803607753 0.9264143322181277 0.295516362982165 0.9196812668955827 0.284192800925428 0.8280812367452718 0.17445462870848885 0.8349413877950199
5 0.28495652349763834 0.765336584378485 0.29161831905513846 0.8007922103644204 0.7903101847426812 0.7628451670349674 0.778949713028027 0.7286863359494095 0.28495652349763834 0.765336584378485
6 0.37570177737779603 0.7343512424660505 0.3821072894404289 0.7596529808958343 0.6905996968235532 0.7344185902560771 0.6858179600460337 0.70872535089016 0.37570177737779603 0.7343512424660505
9 0.5042095800215178 0.7129793900103188 0.5706812163848985 0.7055693369538899 0.562572849101064 0.6831282807820824 0.4945716886414702 0.6891410613619514 0.5042095800215178 0.7129793900103188
7 0.24991366374009272 0.6954186570074792 0.8072715641285085 0.6652070541450853 0.712870489940844 0.3218336589876954 0.2289690433614062 0.3526532013455827 0.24991366374009272 0.6954186570074792
8 0.36867791945543227 0.3268175601730421 0.3712103032708331 0.34147269574343475 0.5700997854848877 0.3285400965375072 0.565976710709485 0.3138230154046517 0.36867791945543227 0.3268175601730421
1 0.36768084594314815 0.32430398507511815 0.5679817029200797 0.31172875707568404 0.5623421639371275 0.28819537389672206 0.36067415667534625 0.29896277221286127 0.36768084594314815 0.32430398507511815
2 0.5320135704593333 0.25797152484334185 0.535148731893684 0.2770693712864518 0.7204594533327411 0.26462741807141177 0.7144638402714835 0.24554412424371053 0.5320135704593333 0.25797152484334185
10 0.5015899951318619 0.2558694578185156 0.717509603524789 0.24230206413972083 0.7128245328039421 0.22372948880540136 0.49569708166694115 0.23575184831936688 0.5015899951318619 0.2558694578185156
0 0.14857739963363017 0.24367179561335447 0.14893343932246736 0.3071508123901079 0.35869939141910645 0.29329517719544174 0.3512139611178578 0.23098664821584633 0.14857739963363017 0.24367179561335447