4 0.8469216659139621 0.07861643115938366 0.37518021572321797 0.1080104540056514 0.3842483901084756 0.18126315975030177 0.8416698611071463 0.1516672139596805 0.8469216659139621 0.07861643115938366
3 0.2078442141522665 0.11236363732560924 0.08779620851791058 0.11925220107376634 0.1089555178449896 0.2082202072307796 0.2238611354644373 0.20076618843488006 0.2078442141522665 0.11236363732560924
5 0.6575496310996686 0.20171004906883427 0.29677508012024406 0.2224171917474889 0.3047788772010312 0.2510132236229825 0.657789947737058 0.22895962202786754 0.6575496310996686 0.20171004906883427
6 0.6597293461714723 0.26040335686244465 0.6557984781324108 0.2343514311998981 0.3044749627941876 0.25581492184411736 0.30371349580839474 0.284147755665741 0.6597293461714723 0.26040335686244465
9 0.519130648552341 0.2764318799585355 0.45758401282482924 0.2791614821736725 0.45835763849241745 0.3035558682592241 0.520178501230895 0.29930679958456397 0.519130648552341 0.2764318799585355
7 0.7563693226567278 0.6180750892763712 0.7687223810966743 0.2912128958288102 0.21652280966682824 0.32790372435266035 0.29428238186632266 0.6494806633053841 0.7563693226567278 0.6180750892763712
8 0.6231370515584854 0.6319285844549688 0.43051946198789864 0.6447258595818851 0.4332430461425528 0.6570955009768515 0.6233270360545998 0.6446902210553851 0.6231370515584854 0.6319285844549688
1 0.6259397026810355 0.6675546244157791 0.6243897585795585 0.6469242362712408 0.4331894438406295 0.6599774770487866 0.43510802708522883 0.6814914229565531 0.6259397026810355 0.6675546244157791
2 0.7874421143371771 0.6729618735320358 0.5976667607431544 0.684788166457373 0.5985988160688955 0.7014073865546628 0.7865637538890888 0.6893319312828389 0.7874421143371771 0.6729618735320358
10 0.7866591112253977 0.7102445502292022 0.7869530730338667 0.6931448618153565 0.5792329359811205 0.7065277777740349 0.5806537209932199 0.7229396618380339 0.7866591112253977 0.7102445502292022
0 0.4290708565752213 0.690643788187459 0.2335248265439954 0.7036891069703427 0.24857374834376209 0.7567445963662949 0.43749260427360215 0.7454288368518514 0.4290708565752213 0.690643788187459