4 0.42971428330653505 0.8291472791573542 0.4292598630908087 0.8926359671225242 0.8624481241791344 0.909086168359755 0.8581174705614055 0.8370647215235031 0.42971428330653505 0.8291472791573542
3 0.20621880104958784 0.8154978120090092 0.20363117846108203 0.8921636501641957 0.2859677420584204 0.8970446622700431 0.2915225053836369 0.8215229256176857 0.20621880104958784 0.8154978120090092
5 0.34504067217898676 0.763495352211365 0.34451779968201673 0.7894682703288468 0.675406781880618 0.7909324540890723 0.6754317559188044 0.7618544367793005 0.34504067217898676 0.763495352211365
6 0.34543891026788587 0.7592265096976121 0.676994906741097 0.7586948442131222 0.677491044741771 0.7317623240172424 0.34551922520224043 0.7359120162410185 0.34543891026788587 0.7592265096976121
9 0.4737843618845061 0.7197793641792783 0.5344032318424667 0.7189482970300481 0.5359025104724898 0.6984691446789327 0.4736317804335434 0.6992482517528339 0.4737843618845061 0.7197793641792783
7 0.2621052173852814 0.6951594799962378 0.7795190537217657 0.6833128303089787 0.7664661371019235 0.26902104518061665 0.2810195534172746 0.3322866429042133 0.2621052173852814 0.6951594799962378
8 0.4081390748486898 0.29159655874959206 0.4083337040341113 0.30849420232702823 0.6139040800866624 0.2829699880314182 0.6152872848149556 0.2644643475056689 0.4081390748486898 0.29159655874959206
1 0.4073733306626313 0.2883357524475122 0.6165761004128271 0.26217990073468717 0.6179674969583324 0.2341464370781244 0.40650633084147175 0.26174469181752197 0.4073733306626313 0.2883357524475122
2 0.5849659276300233 0.19138293669368778 0.5835510007359204 0.21147046527153487 0.7967703221448827 0.18061278609272105 0.7957770181824583 0.1588197477665225 0.5849659276300233 0.19138293669368778
10 0.5671669503295266 0.18808000865704938 0.8018873885609471 0.1520697516676146 0.803572407278336 0.12750804766917712 0.5645742107571095 0.1653580213170921 0.5671669503295266 0.18808000865704938
0 0.22372911125470432 0.2022448296780146 0.21824709336971737 0.2747276778284155 0.4114937096292379 0.2473707589057735 0.40822213958165876 0.17138194755911731 0.22372911125470432 0.2022448296780146