4 0.6367350260416667 0.04440795898437501 0.1289290364583333 0.04440795898437501 0.1289290364583333 0.123790283203125 0.6367350260416667 0.123790283203125 0.6367350260416667 0.04440795898437501
3 0.92123046875 0.031534423828125005 0.7972721354166666 0.031534423828125005 0.7972721354166666 0.13310424804687498 0.92123046875 0.13310424804687498 0.92123046875 0.031534423828125005
5 0.7868863932291666 0.160274658203125 0.2553727213541667 0.160274658203125 0.2553727213541667 0.20084350585937502 0.7868863932291666 0.20084350585937502 0.7868863932291666 0.160274658203125
6 0.7823697916666666 0.19821899414062502 0.25537109375 0.19821899414062502 0.25537109375 0.232171630859375 0.7823697916666666 0.232171630859375 0.7823697916666666 0.19821899414062502
9 0.5639599609375 0.24215332031249998 0.4924137369791666 0.24215332031249998 0.4924137369791666 0.2702001953125 0.5639599609375 0.2702001953125 0.5639599609375 0.24215332031249998
7 0.8455143229166666 0.2773193359375 0.21764973958333333 0.2773193359375 0.21764973958333333 0.720078125 0.8455143229166666 0.720078125 0.8455143229166666 0.2773193359375
8 0.6450341796875 0.72495361328125 0.40294759114583334 0.72495361328125 0.40294759114583334 0.74558349609375 0.6450341796875 0.74558349609375 0.6450341796875 0.72495361328125
1 0.6464388020833334 0.748743896484375 0.4036979166666666 0.748743896484375 0.4036979166666666 0.776402587890625 0.6464388020833334 0.776402587890625 0.6464388020833334 0.748743896484375
2 0.43626302083333335 0.8068603515625 0.20598307291666665 0.8068603515625 0.20598307291666665 0.8308740234374999 0.43626302083333335 0.8308740234374999 0.43626302083333335 0.8068603515625
10 0.4811442057291667 0.8363134765625 0.2035888671875 0.8363134765625 0.2035888671875 0.8582519531249999 0.4811442057291667 0.8582519531249999 0.4811442057291667 0.8363134765625
0 0.9072330729166665 0.7959020996093751 0.6445182291666667 0.7959020996093751 0.6445182291666667 0.885631103515625 0.9072330729166665 0.885631103515625 0.9072330729166665 0.7959020996093751