4 0.8908805549679352 0.11817872650453048 0.41689409729933125 0.09794688468733706 0.4177420021165581 0.17146328146650552 0.8774628202835404 0.18999701068502203 0.8908805549679352 0.11817872650453048
3 0.24944163197646316 0.08475358621449115 0.1288885440449379 0.07901897147468319 0.14004156005830412 0.16936862628731972 0.2555269555350966 0.17400510496821486 0.24944163197646316 0.08475358621449115
5 0.688148658584039 0.22031025495922596 0.3258556178690369 0.2030815115479468 0.3306405338280616 0.23224746094547324 0.685338026880246 0.24733016310852682 0.688148658584039 0.22031025495922596
6 0.6837532018458357 0.2786827629792286 0.6827473921180318 0.25246321788565035 0.329799773485381 0.23697246556612392 0.32586831415605294 0.26496070410168887 0.6837532018458357 0.2786827629792286
9 0.5416718059324427 0.2798527407728694 0.47995600731664667 0.2761181470575415 0.4779971226776989 0.30036535849659785 0.5401566351382049 0.30262338211370976 0.5416718059324427 0.2798527407728694
7 0.7401399390013942 0.6431199221373727 0.7890557569478633 0.32060646236751206 0.2339726572048801 0.29918610723142003 0.27556141425098807 0.6258908237799553 0.7401399390013942 0.6431199221373727
8 0.605652124745748 0.642905845472211 0.4120288378906065 0.6354328584817616 0.41336168368500653 0.6479717602404043 0.604413104443001 0.6555680256455031 0.605652124745748 0.642905845472211
1 0.6044604569101535 0.678491951321393 0.6052233880361109 0.657892327232888 0.4129855813503948 0.6508211799392354 0.41249156374373264 0.6723346648235725 0.6044604569101535 0.678491951321393
2 0.7649996425164285 0.70074413611041 0.5743209879801244 0.6926065855444636 0.5733905620926228 0.7091679090928837 0.76229070520344 0.7168692313975726 0.7649996425164285 0.70074413611041
10 0.7600448170071716 0.7375962763019727 0.762252328310736 0.7206872364001308 0.553494405241426 0.7122144682239026 0.5530748358709504 0.7286215227208142 0.7600448170071716 0.7375962763019727
0 0.4054432238462223 0.6807698723648767 0.20887021958872293 0.6732362522200677 0.2179465668338879 0.7273699659046824 0.407713470905696 0.7359236738887704 0.4054432238462223 0.6807698723648767