4 0.15726306521049016 0.9100584669616596 0.6336604311870855 0.9060443468979877 0.6379999235381513 0.8389870285481031 0.1667416145724397 0.8419872867103718 0.15726306521049016 0.9100584669616596
3 0.792321919046084 0.9153104465512242 0.911026143646656 0.9138875705285234 0.897966387579947 0.8248911975492751 0.7798000881509901 0.8259837276822014 0.792321919046084 0.9153104465512242
5 0.40786015935031833 0.800080311088788 0.6580181605480582 0.7994937732959168 0.6574210456290082 0.7727704560153128 0.4093327920487446 0.7738516431794301 0.40786015935031833 0.800080311088788
6 0.376871248204019 0.7711849966015938 0.6885900489068227 0.7718451893036037 0.6846586153483267 0.7480295346379732 0.3764594784439445 0.748945304937269 0.376871248204019 0.7711849966015938
9 0.49317844436761693 0.7131285313437397 0.4969348126979613 0.735038447288254 0.5598565117228524 0.7342632401850815 0.5585373071475173 0.7111473558996622 0.49317844436761693 0.7131285313437397
7 0.2852033211548016 0.400976946206706 0.2524434459407871 0.7082253372340931 0.7957393615632185 0.7057215916596794 0.7350128063583269 0.3970191275070547 0.2852033211548016 0.400976946206706
8 0.412406825898532 0.3967015608057545 0.599079414445306 0.3957321358868442 0.5986793998100599 0.3830388510968458 0.4133397656412079 0.3857852897882144 0.412406825898532 0.3967015608057545
1 0.414168657632164 0.3639503072278874 0.41162786249173855 0.38305210240432574 0.5975674032949145 0.3806000677924082 0.5975840474905996 0.36043960020229726 0.414168657632164 0.3639503072278874
2 0.25993954293824073 0.34844081246246583 0.4356846787291393 0.34715388925002866 0.4344276953245928 0.3337169173661621 0.26166586154577137 0.33572442764974364 0.25993954293824073 0.34844081246246583
10 0.2645586563243722 0.31766473484449337 0.2624364899906596 0.3320391727918614 0.45868898917448037 0.32916097436292446 0.4590299348680535 0.3136522456324983 0.2645586563243722 0.31766473484449337
0 0.5949617908557262 0.35270118396018973 0.8041897837825009 0.34945742326435636 0.7906213321064853 0.29646116746667994 0.5929230899350904 0.29978919524521286 0.5949617908557262 0.35270118396018973