4 0.7944999133217726 0.8058681544021712 0.7966032790749815 0.7500257091662216 0.44424799265825937 0.7185338059704826 0.44214462690505046 0.774376251206432 0.7944999133217726 0.8058681544021712
3 0.3002777726108248 0.7697086876534021 0.3029324366779276 0.6992297742447983 0.20287483069284148 0.6902870832645553 0.20022016662573858 0.7607659966731589 0.3002777726108248 0.7697086876534021
5 0.5667249062506029 0.7009413088925149 0.5677207260644779 0.6745031997161415 0.4322349977885349 0.6623941052772289 0.43123917797466005 0.6888322144536022 0.5667249062506029 0.7009413088925149
6 0.6558855739493197 0.6715182079547164 0.6568350168809286 0.646311362767597 0.33501493301902535 0.6175485562534992 0.3340654900874165 0.6427554014406186 0.6558855739493197 0.6715182079547164
9 0.5380554405609778 0.6249331691304943 0.5389042474911476 0.6023981181334954 0.46671416175798786 0.5959460985974182 0.46586535482781805 0.618481149594417 0.5380554405609778 0.6249331691304943
7 0.7102034027107611 0.6090907091940346 0.7217761762605751 0.3018441106423585 0.3034185257449642 0.26445321815649164 0.2918457521951502 0.5716998167081677 0.7102034027107611 0.6090907091940346
8 0.6671084760497165 0.2760221307487715 0.6680833071164789 0.2501412536940172 0.35982611047501495 0.2225906359787434 0.35885127940825257 0.24847151303349774 0.6671084760497165 0.2760221307487715
1 0.6665887937888387 0.2458815127232742 0.6681403113046487 0.2046901356282308 0.35465836127483613 0.1766725533624865 0.3531068437590262 0.21786393045752991 0.6665887937888387 0.2458815127232742
2 0.8176139854157515 0.17717470744346578 0.8182272417778902 0.16089330951441716 0.5644167902842477 0.13820889274352324 0.5638035339221089 0.1544902906725719 0.8176139854157515 0.17717470744346578
10 0.8199607885224273 0.15880693095161366 0.8206900787441486 0.139444939721388 0.5205465402288 0.11261948364302166 0.5198172500070787 0.13198147487324732 0.8199607885224273 0.15880693095161366
0 0.39510960437720066 0.15758054687191714 0.3981285927664529 0.0774291544963475 0.1756666616029019 0.057546525028276424 0.17264767321364966 0.13769791740384604 0.39510960437720066 0.15758054687191714