4 0.58099609375 0.22985107421874998 0.18540364583333335 0.22985107421874998 0.18540364583333335 0.28800537109374996 0.58099609375 0.28800537109374996 0.58099609375 0.22985107421874998
3 0.8240201822916666 0.22019042968750002 0.7255240885416667 0.22019042968750002 0.7255240885416667 0.29283203125 0.8240201822916666 0.29283203125 0.8240201822916666 0.22019042968750002
5 0.6147965494791667 0.32306274414062497 0.3984912109375 0.32306274414062497 0.3984912109375 0.346546630859375 0.6147965494791667 0.346546630859375 0.6147965494791667 0.32306274414062497
6 0.6445703125000001 0.350592041015625 0.3682356770833333 0.350592041015625 0.3682356770833333 0.37129272460937507 0.6445703125000001 0.37129272460937507 0.6445703125000001 0.350592041015625
9 0.5294954427083334 0.384400634765625 0.4783170572916667 0.384400634765625 0.4783170572916667 0.403280029296875 0.5294954427083334 0.403280029296875 0.5294954427083334 0.384400634765625
7 0.7596533203125 0.411993408203125 0.2480875651041667 0.411993408203125 0.2480875651041667 0.7891003417968752 0.7596533203125 0.7891003417968752 0.7596533203125 0.411993408203125
8 0.6099397786458334 0.80296875 0.3944482421874999 0.80296875 0.3944482421874999 0.818095703125 0.6099397786458334 0.818095703125 0.6099397786458334 0.80296875
1 0.6099397786458334 0.820479736328125 0.39360188802083335 0.820479736328125 0.39360188802083335 0.8531774902343751 0.6099397786458334 0.8531774902343751 0.6099397786458334 0.820479736328125
2 0.4256868489583333 0.8772204589843748 0.20511393229166663 0.8772204589843748 0.20511393229166663 0.9010900878906251 0.4256868489583333 0.9010900878906251 0.4256868489583333 0.8772204589843748
10 0.4532194010416667 0.9055029296875 0.20384440104166668 0.9055029296875 0.20384440104166668 0.9336523437500001 0.4532194010416667 0.9336523437500001 0.4532194010416667 0.9055029296875
0 0.8561393229166667 0.8727648925781248 0.6143880208333334 0.8727648925781248 0.6143880208333334 0.957078857421875 0.8561393229166667 0.957078857421875 0.8561393229166667 0.8727648925781248