4 0.41065212391434786 0.8453221749121352 0.41630760768077596 0.9108418745189566 0.8039922346617397 0.8854607461177927 0.7933304128640166 0.8234937559465457 0.41065212391434786 0.8453221749121352
3 0.1287631532783513 0.8517108213297436 0.1366500499858213 0.9452686479816849 0.2491013011118044 0.9348695463748733 0.24364701426907234 0.84361309603134 0.1287631532783513 0.8517108213297436
5 0.2106195161051173 0.7812918944914017 0.21352851475606224 0.8116868846457218 0.7408637613372256 0.7889836576339123 0.7348162491370513 0.7609053924105813 0.2106195161051173 0.7812918944914017
6 0.34391679518188445 0.7726904731893269 0.6294708588271292 0.7619954983615138 0.6275066980872489 0.7382762345191289 0.3417109494652169 0.7449220945822275 0.34391679518188445 0.7726904731893269
9 0.46238480356785083 0.7057718526003818 0.4650322617412225 0.728957501869944 0.5153888843701824 0.7270637119645407 0.5140827453553928 0.705210513997197 0.46238480356785083 0.7057718526003818
7 0.21331250026489773 0.7028202070455996 0.7287092220870955 0.6958245122587305 0.6900284880168309 0.33502281191827815 0.2105591255048625 0.2922816903557995 0.21331250026489773 0.7028202070455996
8 0.3583194753061026 0.2797242289025665 0.35838088785033373 0.2995343668981603 0.5634150575447353 0.3166943668110643 0.5615569614312448 0.2996919107077802 0.3583194753061026 0.2797242289025665
1 0.3573845851423861 0.2769965322729959 0.563110926849051 0.2975257470563029 0.5591993434111595 0.26964031015226614 0.3581392129441241 0.2485370041779719 0.3573845851423861 0.2769965322729959
2 0.533224761633744 0.22675039943072187 0.5347989326194961 0.24719228153720468 0.7089754760379875 0.2648339080836647 0.7063882345128154 0.2451241403260296 0.533224761633744 0.22675039943072187
10 0.49800221139794515 0.21568815790030807 0.7066189341906027 0.24185129396299157 0.7035390515476977 0.22077569092680016 0.4980060005503821 0.1967182656767632 0.49800221139794515 0.21568815790030807
0 0.11308736780116951 0.2105040152368492 0.35080658305876505 0.23408682947573448 0.3496857175510473 0.15869676508310088 0.11435265731730189 0.12940728739610388 0.11308736780116951 0.2105040152368492