4 0.18273879886329517 0.13000421343443916 0.619336624633354 0.15333419000812826 0.6199734496441293 0.08944601265248367 0.18545994251726702 0.06704688887674518 0.18273879886329517 0.13000421343443916
3 0.7765784870098036 0.16719326857899694 0.8953499345358574 0.17400482510192639 0.894572646473994 0.09524340210371492 0.7793804305133284 0.08903065684366931 0.7765784870098036 0.16719326857899694
5 0.32266424854548076 0.2000872887208842 0.7508727034800224 0.22504440253177282 0.7504504405808925 0.19490850748442787 0.3231966342143005 0.17279610536550238 0.32266424854548076 0.2000872887208842
6 0.7102070333868428 0.2513209945089654 0.7115071255974238 0.22551519418879537 0.3773156167416303 0.2058632423442177 0.3752355173863163 0.23250781311328605 0.7102070333868428 0.2513209945089654
9 0.5657911729650875 0.27950192461473744 0.5679505246287109 0.2561620440468133 0.5019498483146868 0.2515228252986269 0.49949759033334934 0.27524581754389094 0.5657911729650875 0.27950192461473744
7 0.808795997542513 0.733106017784648 0.8198229708178795 0.3008140930556965 0.24058346823935656 0.2704756856663622 0.22694277069976249 0.7013000550277994 0.808795997542513 0.733106017784648
8 0.39522247681513717 0.7392068557873325 0.64739344276119 0.7560735255533935 0.6469665147189363 0.7324813113751085 0.3964464977209278 0.7165115546822709 0.39522247681513717 0.7392068557873325
1 0.6462722767398817 0.7593347762562154 0.3947923827100801 0.7422467571419006 0.3933545512540381 0.779245326219504 0.6449826035604225 0.794434831903777 0.6462722767398817 0.7593347762562154
2 0.18572534756377182 0.8205039072431058 0.4356986434487149 0.8354543620228304 0.43640041663885093 0.8071156009863647 0.1847614205655281 0.7939938796308913 0.18572534756377182 0.8205039072431058
10 0.4701474967406667 0.8419619558518002 0.1855591193156934 0.8268014088170548 0.18580206358274542 0.8548761134019047 0.46999536327557734 0.8707070119889232 0.4701474967406667 0.8419619558518002
0 0.8902137384711194 0.915827217032283 0.8943555833045757 0.8220006813790722 0.6370582065698474 0.8108038311937554 0.6326736678870765 0.9045732598687166 0.8902137384711194 0.915827217032283