4 0.6467701714046871 0.08768988343754952 0.2107258595794809 0.04949143927152752 0.20325024527331875 0.12256436335396528 0.639294557098525 0.16076280751998728 0.6467701714046871 0.08768988343754952
3 0.8846165339363137 0.10952571916593568 0.7797209300198659 0.10033663273411955 0.7712712092065104 0.18293129080832782 0.8761668131229582 0.19212037724014394 0.8846165339363137 0.10952571916593568
5 0.3171404400840541 0.19160952625948297 0.7611591648727092 0.2363201109690742 0.7643808573060276 0.20482858706811835 0.3193670260395052 0.16334827329338314 0.3171404400840541 0.19160952625948297
6 0.6791568750039095 0.25547952664847706 0.6831630585333187 0.23132546044399258 0.39820638517305623 0.20319143562555086 0.3951951371195605 0.2251262279107429 0.6791568750039095 0.25547952664847706
9 0.5613034197964539 0.27456127483343246 0.559805453190095 0.25450010759998815 0.5086931046109445 0.24861866964301405 0.5043061831774125 0.268991521636014 0.5613034197964539 0.27456127483343246
7 0.7299025898071698 0.6715911343647015 0.7888333863725179 0.3033517812507649 0.2696270694497278 0.2519986483063765 0.2390576860455814 0.6279334072427564 0.7299025898071698 0.6715911343647015
8 0.3833413654811275 0.6604656186092757 0.582909307824868 0.6787810687911157 0.5847395420166478 0.6645033157170042 0.38474903024854684 0.6467059225534797 0.3833413654811275 0.6604656186092757
1 0.5796435753272399 0.71070307721737 0.5846184487738926 0.6828487101853639 0.3825527907765419 0.6645613182078962 0.3799348789474536 0.6937634750353114 0.5796435753272399 0.71070307721737
2 0.20750388227043892 0.7190934657435265 0.3978573286802381 0.7371572715581599 0.3981936399791014 0.7194167249980465 0.20772790424972556 0.7024537232388868 0.20750388227043892 0.7190934657435265
10 0.4264900648378884 0.7643769532194182 0.4260123141469701 0.7473687494122648 0.204743073527541 0.7280142771019429 0.20339234652885874 0.744833100667546 0.4264900648378884 0.7643769532194182
0 0.7916517385148407 0.8209823461861269 0.8051494493914645 0.7447808866563569 0.5756214670027622 0.7218181106726678 0.5621240799879557 0.7980195985734478 0.7916517385148407 0.8209823461861269