4 1 0.23822628345475222 1 0.22626098977402828 0.5411044043959377 0.11848776437202686 0.5162675147531717 0.18176666111549325 0.9715025030657012 0.289362596685734 1 0.23822628345475222
4 0.3819201062697932 0.07592958049692966 0.27856243710479633 0.05275303843832536 0.2523676291903571 0.1394344360310468 0.3602385056993336 0.1648189481189403 0.3819201062697932 0.07592958049692966
5 0.7351703971415836 0.27651214251851414 0.49029253380478127 0.2228864834445545 0.48249930959918547 0.24710693309886528 0.7246910767319407 0.2995984474886019 0.7351703971415836 0.27651214251851414
6 0.7581386863273458 0.3121862553822518 0.44989437940609966 0.24432666319702914 0.446301236413786 0.2695734662509557 0.7470130208040666 0.3338270934224695 0.7581386863273458 0.3121862553822518
9 0.618471921354135 0.33934569867933606 0.6263282815093896 0.3231522259604058 0.5664069682683025 0.30766291120473427 0.5581538986305945 0.32620979624850066 0.618471921354135 0.33934569867933606
7 0.7185277031689311 0.6954938995814254 0.8571735510614816 0.399690742272585 0.31142469041351717 0.2831352226318704 0.2603314961197233 0.600213659541786 0.7185277031689311 0.6954938995814254
8 0.5845586242953628 0.6708034464638836 0.40217152059575745 0.6322472917292943 0.3977585178232885 0.6433943303433329 0.5806313226289244 0.6815589649538768 0.5845586242953628 0.6708034464638836
1 0.5752903671490183 0.7033733561877527 0.5832613251674675 0.6835959324914184 0.3944471181754669 0.645612192051161 0.38729323060289206 0.6660958984671622 0.5752903671490183 0.7033733561877527
2 0.7267176768784362 0.7496663511066087 0.5488810430773531 0.7119526871585088 0.5416130549587531 0.7280211158658532 0.7186356187776816 0.7640968798158784 0.7267176768784362 0.7496663511066087
10 0.7099284748717838 0.781040394135085 0.7175533809511285 0.7665598081935217 0.5209801563524359 0.7266221688235028 0.5138015363505616 0.7413239783906026 0.7099284748717838 0.781040394135085
0 0.389013800956921 0.6755895760542147 0.17820140006690952 0.6316939683158429 0.17296983505732122 0.6868195539549643 0.37209048706363435 0.7274197157395416 0.389013800956921 0.6755895760542147