4 0.21248404947916666 0.117419921875 0.6780270182291667 0.1825869140625 0.7018229166666666 0.10872265625 0.22102604166666667 0.03777197265625 0.21248404947916666 0.117419921875
3 0.8450550130208333 0.20803759765625 0.9617457682291667 0.2312080078125 0.986609375 0.13754443359375 0.8834944661458333 0.1196923828125 0.8450550130208333 0.20803759765625
5 0.32398860677083335 0.2042626953125 0.8175983072916666 0.274680908203125 0.8273606770833334 0.246833251953125 0.3349713541666666 0.176340087890625 0.32398860677083335 0.2042626953125
6 0.4069306640625 0.247037109375 0.7205107421875 0.292074951171875 0.7304964192708333 0.265181396484375 0.41316015624999997 0.21817138671875 0.4069306640625 0.247037109375
9 0.5260234375 0.29966528320312497 0.5863024088541666 0.309938720703125 0.5912496744791667 0.285644775390625 0.5300540364583334 0.275748046875 0.5260234375 0.29966528320312497
7 0.7066175130208333 0.6874365234375 0.8370699869791666 0.35208569335937506 0.2652532552083333 0.2736904296875 0.22176920572916664 0.628192138671875 0.7066175130208333 0.6874365234375
8 0.3633828125 0.666328857421875 0.56148046875 0.6938505859375 0.5680022786458333 0.6767260742187499 0.36542089843750003 0.64981591796875 0.3633828125 0.666328857421875
1 0.3588779296875 0.691779052734375 0.5549449869791666 0.718781005859375 0.5599671223958333 0.6953898925781249 0.36264453125 0.6691728515625 0.3588779296875 0.691779052734375
2 0.18164029947916666 0.7033793945312499 0.371630859375 0.7289443359375 0.37234147135416673 0.712087890625 0.1828245442708333 0.687384033203125 0.18164029947916666 0.7033793945312499
10 0.4029817708333333 0.756177490234375 0.40517024739583335 0.737416259765625 0.18234277343750002 0.7075039062499999 0.18105533854166667 0.726432373046875 0.4029817708333333 0.756177490234375
0 0.729310546875 0.8114277343749999 0.7529541015625 0.752190185546875 0.5637333984375 0.725630859375 0.5387076822916667 0.78632177734375 0.729310546875 0.8114277343749999