4 0.21752669270833333 0.14496826171875 0.6861276041666667 0.215608154296875 0.7000465494791668 0.147645751953125 0.2189541015625 0.07214013671875 0.21752669270833333 0.14496826171875
3 0.9495149739583333 0.25702685546875 0.9887734375 0.17937939453125004 0.8767086588541666 0.15635302734375 0.8388779296875 0.23935546875 0.9495149739583333 0.25702685546875
5 0.4515804036458334 0.245432373046875 0.6959518229166667 0.27985498046875 0.7006145833333334 0.256132080078125 0.45871126302083337 0.22115258789062497 0.4515804036458334 0.245432373046875
6 0.7143277994791667 0.313333740234375 0.7269440104166667 0.288642333984375 0.4175712890625 0.24419775390624998 0.40605208333333337 0.26971240234375 0.7143277994791667 0.313333740234375
9 0.5854225260416667 0.32650244140625007 0.5896735026041667 0.309167236328125 0.5338603515625 0.300988037109375 0.52453515625 0.31744897460937493 0.5854225260416667 0.32650244140625007
7 0.6851735026041667 0.660171630859375 0.8225514322916667 0.3665419921875 0.275099609375 0.292747314453125 0.231138671875 0.609670166015625 0.6851735026041667 0.660171630859375
8 0.3652776692708333 0.6400410156249999 0.5479733072916667 0.6629062499999999 0.5510237630208332 0.6505517578125 0.36663378906249994 0.62902197265625 0.3652776692708333 0.6400410156249999
1 0.5449225260416667 0.6851352539062501 0.54966796875 0.665448486328125 0.36188834635416667 0.6415668945312499 0.3575950520833333 0.6624187011718751 0.5449225260416667 0.6851352539062501
2 0.19450097656249998 0.676012939453125 0.37234667968749996 0.6946757812500001 0.37695345052083334 0.6804187011718749 0.19531119791666665 0.661124755859375 0.19450097656249998 0.676012939453125
10 0.3913310546875 0.71520849609375 0.3938623046875 0.70226953125 0.19105859375 0.678291748046875 0.19024869791666663 0.692724365234375 0.3913310546875 0.71520849609375
0 0.522958984375 0.743465576171875 0.7214195963541667 0.7653330078125 0.7452799479166666 0.716299072265625 0.5437314453125001 0.690185302734375 0.522958984375 0.743465576171875