4 0.06535357346849846 0.21248560959218296 0.5148009062177592 0.1743019148639686 0.4940042329127408 0.116785702976358 0.03925295148047498 0.14890580108949678 0.06535357346849846 0.21248560959218296
3 0.6913392032087129 0.17932617066213563 0.8008500763826036 0.1724660196123874 0.7790186591225354 0.08099307518927953 0.6773046464713603 0.0877261405118247 0.6913392032087129 0.17932617066213563
5 0.19963524376825528 0.27872107145799785 0.6924343410878906 0.24207082302892247 0.6847237007857432 0.20661519704298706 0.18726537346347866 0.24456224037243987 0.19963524376825528 0.27872107145799785
6 0.2933378676109688 0.2986820565172472 0.6026268822402765 0.27305616494135687 0.5954732591071609 0.24775442651157314 0.2877960659746812 0.27298881715133033 0.2933378676109688 0.2986820565172472
9 0.48512232165087227 0.31826634604545595 0.47478037925844885 0.2944280173970885 0.40854283775468336 0.3018380704535175 0.4173142000938495 0.32427912662532504 0.48512232165087227 0.31826634604545595
7 0.7606345085310087 0.6547542060618248 0.7295406990812865 0.31198875039992824 0.1732000622370721 0.3422003532623221 0.2777522159731615 0.6855737484197121 0.7606345085310087 0.6547542060618248
8 0.4248510625377764 0.6935843920027558 0.6217216213413409 0.6805898472343652 0.6187556622517753 0.6659347116639727 0.4202929265131202 0.6788673108699003 0.4248510625377764 0.6935843920027558
1 0.6305487737998173 0.708444635194546 0.6227929360220287 0.6831034223322893 0.4229085487662888 0.6956786503317234 0.4292439826837248 0.7192120335106854 0.6305487737998173 0.708444635194546
2 0.2784191499237813 0.7618632831636968 0.4604612460893766 0.7494358825640655 0.4567610346559288 0.7303380361209557 0.2718595456279682 0.7427799893359955 0.2784191499237813 0.7618632831636968
10 0.4974279822550628 0.7716555590880405 0.4909404153546448 0.7515379495888918 0.27547009496545455 0.7651053432676866 0.2807043154146272 0.7836779186020061 0.4974279822550628 0.7716555590880405
0 0.642020558922074 0.7764207591915612 0.8442368820037237 0.7637356117940529 0.8420004734026756 0.7002565950172995 0.6326909976247324 0.7141122302119657 0.642020558922074 0.7764207591915612