4 0.17914935619212963 0.8149007661795912 0.5654559751157407 0.8144893813898534 0.5669743489583333 0.7632442642023534 0.17654691116898147 0.761018790388696 0.17914935619212963 0.8149007661795912
3 0.7070280671296296 0.7601416087962962 0.7048396918402778 0.8182593219521604 0.7869701316550928 0.817599201871142 0.7947672815393518 0.7591416678722993 0.7070280671296296 0.7601416087962962
5 0.3016380931712963 0.7354210913387346 0.6813910951967592 0.7357580494068288 0.6827792028356482 0.7125248378423997 0.30137906539351855 0.7126723892023534 0.3016380931712963 0.7354210913387346
6 0.3526274377893518 0.6907752785011575 0.353697120949074 0.7112516276041667 0.633078392650463 0.7114528784481096 0.6335797164351852 0.6904911193094135 0.3526274377893518 0.6907752785011575
9 0.4665679615162037 0.6606559630594137 0.4666476851851853 0.6822177776572145 0.5184015190972223 0.6815402910397376 0.518557986111111 0.6600912037037037 0.4665679615162037 0.6606559630594137
7 0.7967400101273148 0.26141038953993045 0.2154239872685185 0.2682847180025076 0.23305553385416666 0.6552920271508489 0.7542800130208334 0.6545988667052469 0.7967400101273148 0.26141038953993045
8 0.38118138744212965 0.25569146050347225 0.635616695601852 0.25358414713541655 0.6368828414351851 0.2308863896122686 0.3791694516782407 0.23343830295138895 0.38118138744212965 0.25569146050347225
1 0.377005591724537 0.19626693853684418 0.37927503616898145 0.22987482638888893 0.6373776331018519 0.22670883608217604 0.6395096498842593 0.19231826533564808 0.377005591724537 0.19626693853684418
2 0.16788397714120376 0.16610102599344134 0.41746140046296304 0.1655391312210648 0.4190010054976852 0.13768715880594137 0.16726180555555553 0.1388689380787037 0.16788397714120376 0.16610102599344134
10 0.4531641420717593 0.09902163266782414 0.16698205295138885 0.1000692256221065 0.16719384403935186 0.13392423804012343 0.45160101273148145 0.13248948989679785 0.4531641420717593 0.09902163266782414
0 0.6482166377314814 0.06824681230709874 0.6421374348958333 0.17184064489293985 0.9135040147569445 0.17019152681327168 0.9259784866898149 0.0684476104359568 0.6482166377314814 0.06824681230709874