4 0.20733984375 0.1532041015625 0.5593701171875 0.134859130859375 0.5534033203125001 0.06937548828125 0.20083072916666667 0.095826171875 0.20733984375 0.1532041015625
3 0.701890625 0.138353759765625 0.8054928385416668 0.13333349609375 0.8006110026041666 0.043130859375 0.6937545572916667 0.052490234375 0.701890625 0.138353759765625
5 0.33833398437500006 0.2083359375 0.6359866536458333 0.202491943359375 0.6366647135416668 0.17456005859375 0.3361643880208333 0.18432666015625 0.33833398437500006 0.2083359375
6 0.6366647135416668 0.232751953125 0.6359866536458333 0.20656005859375004 0.33670670572916667 0.21037060546875 0.3361643880208333 0.23478662109375 0.6366647135416668 0.232751953125
9 0.5101959635416666 0.267140869140625 0.5064964192708333 0.245166259765625 0.4471263020833333 0.24625805664062497 0.44888802083333335 0.26687646484375 0.5101959635416666 0.267140869140625
7 0.7265784505208333 0.66035693359375 0.7291497395833333 0.274946533203125 0.2600696614583333 0.273994384765625 0.28872135416666667 0.616264404296875 0.7265784505208333 0.66035693359375
8 0.4051119791666667 0.6510036621093751 0.5855266927083334 0.67171337890625 0.5845074869791667 0.6547421875 0.4037529296875 0.635709716796875 0.4051119791666667 0.6510036621093751
1 0.5867724609375 0.7016435546875 0.5858098958333333 0.6755358886718749 0.4035263671875 0.6533825683593751 0.407150390625 0.67819287109375 0.5867724609375 0.7016435546875
2 0.27169791666666665 0.70015283203125 0.4264039713541667 0.721191650390625 0.4257242838541667 0.704061279296875 0.26943294270833335 0.684348876953125 0.27169791666666665 0.70015283203125
10 0.449677734375 0.75048388671875 0.449337890625 0.73223388671875 0.27141471354166663 0.70562158203125 0.2741328125 0.72227490234375 0.449677734375 0.75048388671875
0 0.5948134765625 0.792189697265625 0.8106201171874999 0.825031982421875 0.8143011067708333 0.7423994140625 0.590509765625 0.714020751953125 0.5948134765625 0.792189697265625