4 0.15008652478705062 0.08758896587309074 0.5743889802449743 0.16069822677566295 0.576325325635995 0.09825158692167762 0.1589929281862265 0.019773654517673375 0.15008652478705062 0.08758896587309074
3 0.7157155315796112 0.1898022211545054 0.7947189724766702 0.2032121219059014 0.793474409817253 0.13187268931695925 0.7173038671949405 0.11728458491167455 0.7157155315796112 0.1898022211545054
5 0.2908783579584758 0.17254178583980723 0.6782714184165047 0.2351640539035635 0.6787253837097998 0.20763097832905936 0.2926500289367567 0.143411947528718 0.2908783579584758 0.17254178583980723
6 0.632650136985079 0.22940803947276248 0.34579368404925365 0.18299449488374694 0.34336136643365683 0.21070592660933227 0.632339379324682 0.2549397899624738 0.632650136985079 0.22940803947276248
9 0.5154442681161712 0.26718332440899545 0.5160677069333219 0.24594375618920708 0.46018333371699827 0.23699986759667055 0.4593766927351353 0.2587579891429317 0.5154442681161712 0.26718332440899545
7 0.721391630838135 0.6987751787435059 0.7398885590936175 0.3109886431837015 0.2079491817906925 0.22591635946638317 0.17989388685728772 0.648186713444967 0.721391630838135 0.6987751787435059
8 0.3405398667566343 0.6944270881844902 0.5803022018238109 0.7140297981336862 0.5815803896346838 0.6938687207789065 0.3408220672098515 0.6732955019647244 0.3405398667566343 0.6944270881844902
1 0.5774692720796218 0.7516837130398657 0.5809081255652493 0.7173975646148003 0.34033721473059714 0.6977331328409028 0.33889671256468396 0.7337270481386592 0.5774692720796218 0.7516837130398657
2 0.1363027368522841 0.7674064018546193 0.373982078264066 0.7863142304787217 0.3754342268837454 0.7620012190765245 0.1377532896026505 0.7431115722158674 0.1363027368522841 0.7674064018546193
10 0.4001119614159827 0.82266471833847 0.4019014272838511 0.798392976383308 0.1361828199351025 0.7765412771327774 0.13419580672454143 0.8030636789789406 0.4001119614159827 0.82266471833847
0 0.7999701492551942 0.8714395502948965 0.8005477765880036 0.7858311923351303 0.5753491237524025 0.7699859557610279 0.5703615753873282 0.8575439315877711 0.7999701492551942 0.8714395502948965