4 0.9425461687514173 0.9348239413807771 0.9373976420970354 0.85811578284195 0.4498328334534751 0.8692302364090351 0.454981360107857 0.9459383949478622 0.9425461687514173 0.9348239413807771
3 0.290463933918779 0.9557989967616003 0.2841103039190839 0.8611359426432225 0.16402024155908154 0.8638734975247611 0.17037387155877665 0.9585365516431388 0.290463933918779 0.9557989967616003
5 0.8498252949566071 0.8174794546989679 0.8475666890540148 0.7838283713341122 0.24193870936831316 0.797634175075098 0.24419731527090555 0.8312852584399537 0.8498252949566071 0.8174794546989679
6 0.7022729437512708 0.7838095824118514 0.7005466614806081 0.7580896157126261 0.37695865974131415 0.7654660788134043 0.37868494201197705 0.7911860455126297 0.7022729437512708 0.7838095824118514
9 0.5707891381993133 0.7490886509358791 0.5688556955004611 0.7202821905588962 0.49872330696850886 0.7218809178707702 0.5006567496673611 0.7506873782477533 0.5707891381993133 0.7490886509358791
7 0.8385414851702038 0.7042530986867844 0.8098055148251542 0.2761144258260624 0.2097287487007099 0.28979368494308483 0.23846471904575942 0.7179323578038068 0.8385414851702038 0.7042530986867844
8 0.6280488210497778 0.271401047463963 0.6267089978690438 0.25143895425536456 0.39008242940182775 0.25683305768806375 0.39142225258256147 0.2767951508966622 0.6280488210497778 0.271401047463963
1 0.6258058894120228 0.24874372219243246 0.6237595246126783 0.21825482973951996 0.3878540617104702 0.22363249495892493 0.3899004265098149 0.25412138741183743 0.6258058894120228 0.24874372219243246
2 0.8252371497552855 0.18162484766701437 0.8238339000826931 0.1607177599542291 0.5840500586011164 0.16618383610459503 0.5854533082737088 0.18709092381738032 0.8252371497552855 0.18162484766701437
10 0.8245710558826945 0.15556034178725722 0.8228452652902631 0.12984770062682396 0.5549253138803008 0.13595516327968876 0.5566511044727322 0.16166780444012205 0.8245710558826945 0.15556034178725722
0 0.38254569166368824 0.2038452407345691 0.37679846481612955 0.11821701779317181 0.1253047784613331 0.12395002979455462 0.13105200530889177 0.20957825273595193 0.38254569166368824 0.2038452407345691