4 0.06082595486111112 0.95470703125 0.5258126356336805 0.922757568359375 0.5316165581597222 0.8494619140624999 0.06089619683159724 0.8763996582031249 0.06082595486111112 0.95470703125
3 0.6841306857638889 0.9191533203125 0.7753020453559029 0.912262451171875 0.7904389919704861 0.832315673828125 0.6934696777343751 0.837087158203125 0.6841306857638889 0.9191533203125
5 0.14512499999999998 0.833115234375 0.7298079806857639 0.808855712890625 0.7342529242621528 0.778989501953125 0.14582931315104164 0.8014211425781249 0.14512499999999998 0.833115234375
6 0.29217567816840284 0.768798583984375 0.2919910753038194 0.794244384765625 0.6157509060329862 0.7805598144531251 0.6174605414496528 0.759363525390625 0.29217567816840284 0.768798583984375
9 0.4227076497395834 0.72562646484375 0.42100531141493064 0.750786376953125 0.49119586046006947 0.747690185546875 0.49365530056423607 0.722767333984375 0.4227076497395834 0.72562646484375
7 0.7477066569010417 0.28979223632812495 0.17552828776041668 0.26242822265625 0.15438709852430552 0.72745361328125 0.7329564181857638 0.710388916015625 0.7477066569010417 0.28979223632812495
8 0.33986735568576387 0.257057861328125 0.59869228515625 0.27126416015624993 0.5989223687065972 0.24907446289062496 0.34142188042534727 0.23443334960937495 0.33986735568576387 0.257057861328125
1 0.5982953396267361 0.21023022460937502 0.34160641818576387 0.19497192382812506 0.3411404351128472 0.23132202148437492 0.5992652126736111 0.24548242187500005 0.5982953396267361 0.21023022460937502
2 0.1330025607638889 0.1538984375 0.40225021158854163 0.17215356445312502 0.4017319227430556 0.14162890625000005 0.13565539822048608 0.12427172851562503 0.1330025607638889 0.1538984375
10 0.13763009440104168 0.08925805664062499 0.13737713216145833 0.11858569335937501 0.4406979220920139 0.13831030273437492 0.43753971354166665 0.1099072265625 0.13763009440104168 0.08925805664062499
0 0.5998166775173611 0.09490966796875 0.5961311197916667 0.19117968750000003 0.8482232747395834 0.2104555664062499 0.853943023003472 0.1154008789062499 0.5998166775173611 0.09490966796875