4 0.12809994955209578 0.9720169352475506 0.5888192827872855 0.8987029558317846 0.587521277089096 0.8252768927246351 0.12059818814091859 0.8941178294533496 0.12809994955209578 0.9720169352475506
3 0.7463877283900546 0.8809764657270882 0.8366618033110633 0.865978445645596 0.8440300552721715 0.7851028224504626 0.7477677837061586 0.7985105635762657 0.7463877283900546 0.8809764657270882
5 0.20042827001018942 0.8435390385439427 0.7812842226728774 0.7671827506673066 0.7828300322108908 0.7370776123616053 0.19806618149440208 0.811949817235451 0.20042827001018942 0.8435390385439427
6 0.34088738583341816 0.7664279705946014 0.3431636979158255 0.7917555562344792 0.6647800764858749 0.7492244771411161 0.664435834088849 0.727987687954999 0.34088738583341816 0.7664279705946014
9 0.4669141868033504 0.7118249873536463 0.4676489649698877 0.7370037652751542 0.5373623051705085 0.727654387663801 0.5374056329249997 0.7026437893212486 0.4669141868033504 0.7118249873536463
7 0.7489474126733919 0.24926832832406512 0.17557272344715316 0.27315742444331653 0.199450095725558 0.7376094546964931 0.7749035700290917 0.6689559891442074 0.7489474126733919 0.24926832832406512
8 0.33897616074501563 0.25313635969110115 0.5985190195848081 0.24414863235062453 0.5966029174848055 0.2220558507184204 0.3383391005854878 0.23049276336703495 0.33897616074501563 0.25313635969110115
1 0.5922214859412092 0.18347325263881942 0.33470750167877256 0.1912237540734091 0.33775752264994197 0.22742304522991008 0.5965975653181431 0.21845220156145406 0.5922214859412092 0.18347325263881942
2 0.12266059415714964 0.16900066427882943 0.3929912644815745 0.16310935071878874 0.3895227482130801 0.13279257783180243 0.12244199616914465 0.13929383498191503 0.12266059415714964 0.16900066427882943
10 0.1210260898830011 0.10428913324532513 0.12360956464872552 0.13348411127832333 0.4280691398546811 0.12601101208554155 0.42217253558456946 0.09804039358614129 0.1210260898830011 0.10428913324532513
0 0.5825882044389465 0.06862728749521214 0.5882206832326097 0.16471687769336701 0.8415380211256394 0.16137327969729964 0.8380520941613637 0.0663108893931257 0.5825882044389465 0.06862728749521214