4 0.1638307291666667 0.18452709960937497 0.5404798177083333 0.157413818359375 0.5398932291666666 0.092097412109375 0.16500390625 0.12598828125 0.1638307291666667 0.18452709960937497
3 0.7618050130208333 0.16484765624999997 0.8844212239583333 0.156485107421875 0.8750345052083334 0.063614990234375 0.7600449218750001 0.07549902343750002 0.7618050130208333 0.16484765624999997
5 0.3983561197916667 0.252632080078125 0.6007610677083334 0.2418955078125 0.599587890625 0.199375 0.40011621093749994 0.215219970703125 0.3983561197916667 0.252632080078125
6 0.7286575520833334 0.2790078125 0.7282174479166665 0.241015869140625 0.29568717447916665 0.26536328125 0.29040690104166667 0.30189501953125 0.7286575520833334 0.2790078125
9 0.5409768880208333 0.3262692871093749 0.5437281901041667 0.2924619140625 0.4497522786458333 0.2971555175781249 0.4474352213541667 0.329962890625 0.5409768880208333 0.3262692871093749
7 0.7040784505208334 0.689873779296875 0.7110537109375 0.348413818359375 0.28642708333333333 0.36149658203125007 0.2768359375 0.67940771484375 0.7040784505208334 0.689873779296875
8 0.6769306640624999 0.7529912109375 0.6795826822916666 0.720125732421875 0.30617675781250003 0.7060361328125 0.30511621093749997 0.735084716796875 0.6769306640624999 0.7529912109375
1 0.6753395182291667 0.76015380859375 0.305646484375 0.74299951171875 0.30511621093749997 0.80472119140625 0.6721572265625 0.82581103515625 0.6753395182291667 0.76015380859375
2 0.13366080729166666 0.874303955078125 0.3508434244791666 0.891312255859375 0.3509742838541666 0.870964599609375 0.13366080729166666 0.8554470214843751 0.13366080729166666 0.874303955078125
10 0.3525452473958333 0.8935537109375 0.13287532552083334 0.875602783203125 0.13392252604166666 0.895321533203125 0.351759765625 0.914178466796875 0.3525452473958333 0.8935537109375
0 0.8967962239583334 0.980488525390625 0.8993850911458333 0.856326904296875 0.6083024088541668 0.842858154296875 0.602384765625 0.957550048828125 0.8967962239583334 0.980488525390625