4 0.14428815758798838 0.5313626344373245 0.14741211138221458 0.11510787106055362 0.08770390264467001 0.11596256661744526 0.08442356960862069 0.5302382117606256 0.14428815758798838 0.5313626344373245
3 0.1723226832515421 0.87321243567428 0.1701884050274313 0.7683230462063558 0.0706272839777722 0.7715865430504278 0.07274685927611683 0.8779398188877343 0.1723226832515421 0.87321243567428
5 0.2397561141004759 0.5855047393217603 0.2382143473759014 0.39916365158165984 0.19541455173197222 0.3993676585622006 0.19642742443963532 0.5860612678553289 0.2397561141004759 0.5855047393217603
6 0.2871982000525374 0.7028159548572981 0.28519559556253155 0.2802628266524972 0.2427201065512026 0.2814280335331522 0.24560623699899956 0.7038066710340071 0.2871982000525374 0.7028159548572981
9 0.3255293687176022 0.5257081284854362 0.3247860676858992 0.4439860527911858 0.2895197875814124 0.4449078730929756 0.2900646292468499 0.5269203370738607 0.3255293687176022 0.5257081284854362
7 0.6582241595822331 0.6793099678937482 0.6539806526857826 0.27917634746670655 0.3486384263858189 0.28154470539412346 0.3497694600348325 0.695936067981214 0.6582241595822331 0.6793099678937482
8 0.718238129255426 0.6534569378524346 0.7096381010829407 0.300199227432309 0.6781523004397292 0.30243498353570225 0.6841960228224556 0.6562121353148564 0.718238129255426 0.6534569378524346
1 0.7827041532094929 0.6481203940742112 0.7759306443072825 0.2990930540010015 0.7182312349630625 0.29871724235411506 0.7242537116914547 0.6527624493171286 0.7827041532094929 0.6481203940742112
2 0.8193221412988051 0.35107928660848886 0.839282130873143 0.3509841464999108 0.8356654849766053 0.13147289585673763 0.816429112051527 0.1312728654215614 0.8193221412988051 0.35107928660848886
10 0.8613469219901838 0.3621213172738088 0.8567778246041293 0.13255998584823553 0.8381528738941171 0.132200436143164 0.8413899017789676 0.3619208148504921 0.8613469219901838 0.3621213172738088
0 0.8831433200279483 0.8430542838001754 0.8800470146422458 0.5851039800244237 0.7894070557449827 0.5874032313836126 0.7882956694844901 0.8490705739324612 0.8831433200279483 0.8430542838001754