4 0.14391950590835895 0.14023916241250228 0.6125506251936235 0.153756786713981 0.6280839958552163 0.08123966574747916 0.1315741408228064 0.06520906161254507 0.14391950590835895 0.14023916241250228
3 0.7635773697072996 0.16777146588931607 0.8854710244057681 0.17040550414340333 0.8949586696281131 0.07543170784034646 0.7780736452039361 0.07291220971692579 0.7635773697072996 0.16777146588931607
5 0.27180519414768933 0.21084634481673992 0.7513517755615637 0.223286096497503 0.7498806787055329 0.19241538876122732 0.26743833868769007 0.17934761520279588 0.27180519414768933 0.21084634481673992
6 0.668173279187196 0.2502183214966051 0.6703312966696002 0.22464532957452674 0.3516416488067823 0.21681446573711544 0.3508246532524711 0.24226211079904866 0.668173279187196 0.2502183214966051
9 0.5366640661423756 0.2808918852326963 0.5395044941348657 0.2590503578978816 0.4760176294671515 0.2566083039889749 0.4742466065610673 0.27801802179454943 0.5366640661423756 0.2808918852326963
7 0.7272033990869667 0.6276048885035931 0.7845939809506206 0.2965413936641347 0.222401954169947 0.2760574745262537 0.2521252794140705 0.6183371766409215 0.7272033990869667 0.6276048885035931
8 0.39186088138791003 0.6373389355769931 0.5861956579460919 0.6417985858088284 0.5901537544573778 0.6277700706477339 0.3916611971692076 0.6224862065091844 0.39186088138791003 0.6373389355769931
1 0.5819959198428412 0.667322033123046 0.5871857658815247 0.6446415285698043 0.39027986102574386 0.6390874910116767 0.39192646102109585 0.6614101992180487 0.5819959198428412 0.667322033123046
2 0.2296525084927076 0.6910115299111722 0.418444150850678 0.6961909120431922 0.41803632464512686 0.6789230328022816 0.22867129571425765 0.6729615967521105 0.2296525084927076 0.6910115299111722
10 0.44268972378013033 0.7171295939239664 0.4394041292229999 0.699405117220867 0.2295088967607695 0.694060813679881 0.23170901960067958 0.71215010127365 0.44268972378013033 0.7171295939239664
0 0.5727582793717324 0.7345260562719474 0.7834867766946927 0.740059796667846 0.7932848635298223 0.6817433138745542 0.5738457930993747 0.6755050183283627 0.5727582793717324 0.7345260562719474