4 0.3316547094600487 0.7972549571003555 0.3117172078870457 0.8592576231940312 0.7844873182803311 0.9173327059367987 0.7904613201508474 0.84794663095412 0.3316547094600487 0.7972549571003555
3 0.0507696069803208 0.8357052841627644 0.15184170185240736 0.8522565948000468 0.17913748962800988 0.7741938046077292 0.08560566927870353 0.7598078072611896 0.0507696069803208 0.8357052841627644
5 0.2699498273655299 0.7238874302283456 0.2547178786828498 0.7505308040324197 0.6059999065485457 0.7930729474927622 0.6140337576189817 0.762860846510776 0.2699498273655299 0.7238874302283456
6 0.29312464907512836 0.6988402573123956 0.2876298018860819 0.721514920260399 0.5956863586559146 0.7578603639671088 0.6108672746010533 0.7328574754767807 0.29312464907512836 0.6988402573123956
9 0.42036670332037657 0.7004562281562835 0.4793686660122077 0.709588694995973 0.4888736206318896 0.6876508020798293 0.4275400664662175 0.6795728768574691 0.42036670332037657 0.7004562281562835
7 0.19840300695968374 0.6490607401772254 0.7289565206274767 0.7076192109176633 0.7711378417563529 0.39211442974198835 0.32885914321807685 0.3543365590308774 0.19840300695968374 0.6490607401772254
8 0.46287348704566605 0.34780693046498984 0.460766249946655 0.36239660908671617 0.6443178564102758 0.3783463891274068 0.64618622076977 0.36464868744163553 0.46287348704566605 0.34780693046498984
1 0.4616292105736018 0.34414997681085147 0.6480909301695491 0.36306606500733424 0.65083693396455 0.3442228561775816 0.466038381182823 0.325997019248294 0.4616292105736018 0.34414997681085147
2 0.6286901291794076 0.3087295331088946 0.6246013987732307 0.32452477150500425 0.8106444232179862 0.34048332223345446 0.8109039330814994 0.3250710284578203 0.6286901291794076 0.3087295331088946
10 0.6093302099128939 0.30380583762955804 0.811576070602643 0.32311262891591047 0.81143604364011 0.3048330314635625 0.6140169753274299 0.2871308196583032 0.6093302099128939 0.30380583762955804
0 0.3016620208182702 0.25032086698345013 0.27658512322922796 0.3006638313128576 0.46633588712965135 0.31894027012003695 0.48627883738493444 0.2659753714496321 0.3016620208182702 0.25032086698345013