4 0.6354097961458556 0.8822087361801898 0.15930921658104158 0.8882576512692049 0.16279538229698096 0.9584060387626118 0.6388959618617949 0.9523571236735966 0.6354097961458556 0.8822087361801898
3 0.9056427793868463 0.8614373521968486 0.803963799830552 0.8627291958535733 0.8085877506256005 0.9557720166920854 0.9102667301818949 0.9544801730353607 0.9056427793868463 0.8614373521968486
5 0.7603873553091226 0.8087948193341696 0.31213623562405884 0.8144899036880039 0.3139539492226058 0.8510658120792508 0.7622050689076696 0.8453707277254167 0.7603873553091226 0.8087948193341696
6 0.755587409988859 0.7785630977626938 0.3119502288407902 0.784199561472836 0.3133009845698393 0.8113793756328579 0.756938165717908 0.8057429119227159 0.755587409988859 0.7785630977626938
9 0.5724000795296366 0.7424541097902829 0.4880225566014974 0.7435261363609714 0.4894148143033552 0.7715410503721054 0.5737923372314944 0.7704690238014167 0.5724000795296366 0.7424541097902829
7 0.8064709827629942 0.29384538882402345 0.21207279089869846 0.30139728929626775 0.23404238201346803 0.7434678952758476 0.8284405738777637 0.7359159948036033 0.8064709827629942 0.29384538882402345
8 0.6221328498189043 0.2674780150320696 0.3761634287420278 0.27060308609152567 0.37726213886428184 0.2927112558341219 0.6232315599411583 0.28958618477466586 0.6221328498189043 0.2674780150320696
1 0.6201598196639325 0.227809571853653 0.37494150486052047 0.2309251000176243 0.3767728097484084 0.2677744914010482 0.6219911245518204 0.2646589632370769 0.6201598196639325 0.227809571853653
2 0.4044324983741163 0.18255194168832156 0.1687737179602507 0.18554601481885072 0.17004207649767059 0.21106783833879958 0.4057008569115363 0.20807376520827045 0.4044324983741163 0.18255194168832156
10 0.4437579106233872 0.15048905795776565 0.16676227283050687 0.1540083208298426 0.16812916821564822 0.1815128960430749 0.4451248060085286 0.17799363317099798 0.4437579106233872 0.15048905795776565
0 0.8780889030234912 0.12129839326337548 0.6075020551223781 0.12473623168956306 0.6117695986246212 0.2106074494207187 0.8823564465257343 0.20716961099453113 0.8780889030234912 0.12129839326337548