4 0.19172981770833333 0.15831640625 0.5535885416666667 0.14077294921875 0.55041796875 0.078925537109375 0.18816276041666666 0.098550048828125 0.19172981770833333 0.15831640625
3 0.7023118489583333 0.14704443359375 0.8036227213541666 0.141669677734375 0.7984150390625001 0.0532802734375 0.6985244140625 0.059318115234375 0.7023118489583333 0.14704443359375
5 0.2824091796875 0.21600341796875 0.6939192708333333 0.204112548828125 0.6927666015625 0.174840087890625 0.279181640625 0.191097900390625 0.2824091796875 0.21600341796875
6 0.6176113281250001 0.23537451171875 0.6155364583333335 0.210164306640625 0.34649869791666665 0.216349365234375 0.3483427734375 0.240217041015625 0.6176113281250001 0.23537451171875
9 0.5055696614583334 0.2706572265625 0.5019964192708334 0.24863525390625 0.4507018229166667 0.248864990234375 0.4497796223958333 0.271003173828125 0.5055696614583334 0.2706572265625
7 0.7238590494791667 0.653620361328125 0.73266796875 0.275195068359375 0.25359635416666665 0.279053466796875 0.2800231119791667 0.61803515625 0.7238590494791667 0.653620361328125
8 0.3996324869791667 0.65195166015625 0.58526171875 0.66746533203125 0.5851845703124999 0.6505595703124999 0.3990139973958333 0.6357109375 0.3996324869791667 0.65195166015625
1 0.5842568359375 0.69742529296875 0.5848753255208334 0.671524169921875 0.40025097656249997 0.655431640625 0.40241569010416667 0.680024658203125 0.5842568359375 0.69742529296875
2 0.2625237630208333 0.7043415527343749 0.42914648437499997 0.723965576171875 0.4260081380208333 0.705436767578125 0.2604801432291667 0.6883532714843749 0.2625237630208333 0.7043415527343749
10 0.4540341796875 0.752306396484375 0.4532311197916667 0.7329975585937499 0.2616481119791667 0.711131103515625 0.2645673828125 0.7293095703125 0.4540341796875 0.752306396484375
0 0.5649944661458334 0.784379638671875 0.8094388020833334 0.81179248046875 0.8146692708333334 0.734935546875 0.5580201822916666 0.708512939453125 0.5649944661458334 0.784379638671875