4 0.1296077473958333 0.164010498046875 0.5893421223958334 0.16371484375 0.5909283854166667 0.0902216796875 0.11691666666666667 0.091649658203125 0.1296077473958333 0.164010498046875
3 0.751470703125 0.172693359375 0.8669593098958333 0.172638427734375 0.8790159505208334 0.082718505859375 0.7584505208333333 0.08367065429687498 0.751470703125 0.172693359375
5 0.3210843098958333 0.228974853515625 0.6758001302083334 0.227963623046875 0.6808763020833334 0.1989833984375 0.3185462239583333 0.201839599609375 0.3210843098958333 0.228974853515625
6 0.6802418619791667 0.260870849609375 0.6765930989583333 0.23272265625 0.32362239583333335 0.23421142578125 0.32235351562500003 0.260394775390625 0.6802418619791667 0.260870849609375
9 0.4656555989583333 0.290036376953125 0.527814453125 0.290244384765625 0.5260999348958334 0.265916015625 0.4643697916666667 0.267202392578125 0.4656555989583333 0.290036376953125
7 0.7269033203124999 0.62384814453125 0.7717591145833333 0.298747314453125 0.21666927083333332 0.298146240234375 0.262326171875 0.622646240234375 0.7269033203124999 0.62384814453125
8 0.397876953125 0.6404814453125 0.5889329427083333 0.640464599609375 0.5903912760416667 0.627976806640625 0.396765625 0.6277683105468749 0.397876953125 0.6404814453125
1 0.5895579427083333 0.664865478515625 0.5892802734375 0.6433293457031252 0.3970436197916667 0.64277392578125 0.39759928385416665 0.6634067382812501 0.5895579427083333 0.664865478515625
2 0.23944270833333334 0.695527099609375 0.4283492838541666 0.6953198242187502 0.4275856119791666 0.67871923828125 0.23689680989583334 0.679292236328125 0.23944270833333334 0.695527099609375
10 0.44846191406249997 0.715582275390625 0.44820735677083334 0.69915625 0.23944270833333334 0.69934716796875 0.2414794921875 0.71634619140625 0.44846191406249997 0.715582275390625
0 0.5936953125000001 0.728653076171875 0.7834768880208333 0.727627685546875 0.7930937499999999 0.673846435546875 0.5965188802083333 0.67358154296875 0.5936953125000001 0.728653076171875