4 0.14718421189922348 0.27712499069361535 0.4879977334744612 0.29491864491670927 0.47780997841403533 0.23778643829213972 0.13136032869782052 0.22171364866935586 0.14718421189922348 0.27712499069361535
3 0.655723112913575 0.3166708668713618 0.7512312112277776 0.31910448597466295 0.7454604029211018 0.23970830031116905 0.65406375000463 0.23752751243510684 0.655723112913575 0.3166708668713618
5 0.36903292553833067 0.3484463490098334 0.49718217279902244 0.3562715996764114 0.4990919760162824 0.32149491403548675 0.3663897211512409 0.31932662641650694 0.36903292553833067 0.3484463490098334
6 0.6006314385461264 0.3998374823585835 0.5994396292735443 0.36972056329045605 0.27687506563477027 0.34724159657451037 0.2802027294653718 0.3764124599365614 0.6006314385461264 0.3998374823585835
9 0.4107913033924852 0.4160860983048206 0.4683299214768892 0.4199456498231573 0.46987060385061175 0.3993254161730076 0.4103493351714213 0.39436146429538854 0.4107913033924852 0.4160860983048206
7 0.6398844201408868 0.69449680969429 0.6534987378432682 0.440880273900387 0.24078453172286018 0.4064439845065053 0.27827713612726945 0.6509517778646093 0.6398844201408868 0.69449680969429
8 0.3339389207765027 0.6875386155642983 0.587613086852074 0.7203566090974268 0.5883056528011816 0.703610457842382 0.3313711267003701 0.6733074510690601 0.3339389207765027 0.6875386155642983
1 0.595248393486048 0.7527435822268933 0.5975656228657464 0.7254664717061831 0.3269767662232862 0.6909997090660907 0.3313414300374602 0.7185666969608663 0.595248393486048 0.7527435822268933
2 0.22752338120763346 0.7402023696950316 0.42278521843281386 0.7651575897579294 0.422935568104836 0.7539160244995171 0.22696460995699042 0.7292222490004501 0.22752338120763346 0.7402023696950316
10 0.4569229391300081 0.7842421738188895 0.4578612456654992 0.7703643155409913 0.22647806995147943 0.7410085345852826 0.22832049281989553 0.7532670991112825 0.4569229391300081 0.7842421738188895
0 0.7544065497988744 0.8400268560898871 0.7587842519436806 0.7877859481281748 0.5791316723767744 0.763212894395303 0.5750604973213039 0.8145238708708038 0.7544065497988744 0.8400268560898871