0 0.13062918897087203 0.8394611183449073 0.2012655466338735 0.8387122034143518 0.21527263876832559 0.43476888744212966 0.15029140866126536 0.4398577546296296 0.13062918897087203 0.8394611183449073
3 0.15221955475983798 0.29555308883101844 0.22234410867573307 0.2945662977430554 0.22582768675250775 0.20950262586805563 0.1564166106047454 0.21291498842592585 0.15221955475983798 0.29555308883101844
5 0.2579043674045138 0.6948130859375 0.2700991229021992 0.3258368995949074 0.2440473620756172 0.3253061487268519 0.230664037181713 0.6964545572916667 0.2579043674045138 0.6948130859375
6 0.2623787326388889 0.6946805121527778 0.285332005931713 0.694834765625 0.2957487630208333 0.3212177951388889 0.2726642885561342 0.3232041087962964 0.2623787326388889 0.6946805121527778
9 0.2990239034770448 0.5422073423032407 0.32414570734471443 0.5406866102430555 0.32633641131365737 0.4601355396412037 0.3009754298080632 0.4613884982638889 0.2990239034770448 0.5422073423032407
7 0.3215491452064043 0.7750313729745371 0.7377338740596066 0.7573854673032407 0.7150865740740742 0.22905779079861113 0.32914913013599545 0.25432912326388873 0.3215491452064043 0.7750313729745371
8 0.7389402211130401 0.5951235966435184 0.7585466465326003 0.5940961805555557 0.7481497594762732 0.3724657118055555 0.7296671374662422 0.37332956452546295 0.7389402211130401 0.5951235966435184
1 0.7616093882619599 0.5927522786458334 0.7968919638551312 0.5895047309027777 0.7865270905671295 0.37005167824074064 0.7519465048707562 0.3726577112268518 0.7616093882619599 0.5927522786458334
2 0.8325853455343364 0.8010449869791666 0.8588577498070988 0.8014167896412036 0.8463885296103394 0.5491119068287036 0.8205254261911653 0.5518191767939814 0.8325853455343364 0.8010449869791666
10 0.8678805790653935 0.8014545934606481 0.895775545548804 0.798382298900463 0.878261111111111 0.5198448857060186 0.8492033486448689 0.5230206741898148 0.8678805790653935 0.8014545934606481
0 0.7942176365981867 0.14407892795138885 0.8100716019241898 0.37283801359953705 0.8862497624903549 0.3686477430555556 0.8686341254340277 0.1383942780671297 0.7942176365981867 0.14407892795138885