4 0.07363392324536185 0.88930485496389 0.5237211975676561 0.8939105011525378 0.5375788934677913 0.8268953043448661 0.09273166954358662 0.8207887283828401 0.07363392324536185 0.88930485496389
3 0.7119005880505561 0.9011476680024715 0.8128985394728538 0.9020565031319487 0.8240750642904984 0.8129559201971409 0.7140590326533142 0.8169814096953624 0.7119005880505561 0.9011476680024715
5 0.2013021654427519 0.7790723021539577 0.7027667619134745 0.7787689007185514 0.7020504529305153 0.7501958520171287 0.20789319309146229 0.7503288538478143 0.2013021654427519 0.7790723021539577
6 0.29905279252334604 0.71976153354108 0.2955186864080501 0.7474979304181993 0.6076087158057928 0.7462624902429277 0.6092316698079095 0.7207882908345365 0.29905279252334604 0.71976153354108
9 0.42036713540714543 0.6870041712585434 0.4150550103888158 0.712121702820295 0.4767982229649675 0.7125931455619591 0.4872898866660521 0.6868544994149905 0.42036713540714543 0.6870041712585434
7 0.25085458594387977 0.33864039581943217 0.18087165689631043 0.6829768555327378 0.746093652290165 0.6762578267672283 0.7364991163069431 0.3249406021542383 0.25085458594387977 0.33864039581943217
8 0.3887924620409626 0.33071715027901083 0.5859799681926214 0.3258191952986674 0.5917158381886137 0.3103460721827228 0.38996570680314163 0.31632295697841417 0.3887924620409626 0.33071715027901083
1 0.39513090580290194 0.2918005262631044 0.39018878411457886 0.31392543569912523 0.5917985793775333 0.3079690306014735 0.5959567289442227 0.28527670301369196 0.39513090580290194 0.2918005262631044
2 0.23660376237450656 0.27883268852702026 0.4184202232360357 0.27477552407161415 0.42153150381925975 0.25754524275187335 0.2391661514200584 0.2627582242648027 0.23660376237450656 0.27883268852702026
10 0.24021715655959253 0.23981245327947698 0.2366092209216182 0.25885169061388474 0.44983559600947154 0.25058759620426735 0.4525252195672557 0.23209660763278284 0.24021715655959253 0.23981245327947698
0 0.5838719739495521 0.280363476269846 0.817786982379944 0.27320423376512826 0.8118294675285183 0.20367675794379259 0.5874974401295296 0.21159374634080397 0.5838719739495521 0.280363476269846