4 0.1418994140625 0.29217578125 0.48300716145833333 0.284528076171875 0.46859440104166666 0.22832763671875 0.12199576822916668 0.23811083984375003 0.1418994140625 0.29217578125
3 0.6518453776041667 0.293720458984375 0.7472457682291668 0.2890322265625 0.735578125 0.21030615234375 0.6442955729166667 0.214940185546875 0.6518453776041667 0.293720458984375
5 0.3683896484375 0.346755615234375 0.4967340494791667 0.34501123046875 0.49604752604166663 0.310197509765625 0.3635852864583333 0.3179208984375 0.3683896484375 0.346755615234375
6 0.6031155598958333 0.3807392578125 0.5996839192708334 0.35080224609375 0.2764208984375 0.35241943359375 0.28191145833333336 0.381254150390625 0.6031155598958333 0.3807392578125
9 0.4150602213541667 0.411080078125 0.47271223958333336 0.410641845703125 0.47271223958333336 0.38996923828125 0.41300130208333335 0.3894541015625 0.4150602213541667 0.411080078125
7 0.66419921875 0.6715830078125 0.6588802083333334 0.4177197265625 0.244849609375 0.414131103515625 0.30044238281249996 0.655106201171875 0.66419921875 0.6715830078125
8 0.3586611328125 0.68743603515625 0.6140123697916666 0.70125830078125 0.6134554036458334 0.68451123046875 0.35504101562499996 0.673439208984375 0.3586611328125 0.68743603515625
1 0.624037109375 0.7329785156250002 0.6243154296875 0.705611328125 0.35197786458333336 0.6914052734375 0.3583828125 0.718563720703125 0.624037109375 0.7329785156250002
2 0.25649055989583336 0.747867431640625 0.45302050781250003 0.7582019042968748 0.45233300781249997 0.746983154296875 0.25511555989583334 0.736962158203125 0.25649055989583336 0.747867431640625
10 0.4884765625 0.774685791015625 0.48837825520833333 0.7607800292968752 0.2555084635416667 0.7487490234375 0.25825846354166665 0.760833251953125 0.4884765625 0.774685791015625
0 0.7892154947916666 0.808141845703125 0.7896884765624999 0.75573291015625 0.6087490234374999 0.74461669921875 0.6085123697916666 0.79607568359375 0.7892154947916666 0.808141845703125