4 0.14174641927083334 0.14424462890625 0.6106155598958333 0.142633544921875 0.6227233072916667 0.06969580078125 0.12588085937500001 0.06969580078125 0.14174641927083334 0.14424462890625
3 0.7621735026041667 0.151761962890625 0.8840875651041666 0.1504619140625 0.8890979817708334 0.055287353515625 0.7721936848958334 0.056540283203125 0.7621735026041667 0.151761962890625
5 0.27284602864583335 0.210649169921875 0.7525706380208333 0.207609375 0.7496481119791667 0.1768203125 0.26700065104166665 0.179326171875 0.27284602864583335 0.210649169921875
6 0.6707301432291667 0.23719433593749997 0.6716829427083333 0.211580078125 0.3528955078125 0.21403588867187498 0.35327669270833334 0.239481689453125 0.6707301432291667 0.23719433593749997
9 0.5407760416666666 0.2720751953125 0.5425862630208333 0.250166259765625 0.4790384114583333 0.2497744140625 0.4782763671875 0.271217529296875 0.5407760416666666 0.2720751953125
7 0.7474687500000001 0.612259033203125 0.7892317708333333 0.27971142578125 0.22655338541666664 0.27738134765625 0.27235807291666664 0.6183232421875 0.7474687500000001 0.612259033203125
8 0.412869140625 0.63279736328125 0.6072486979166667 0.630984619140625 0.6105432942708333 0.616843994140625 0.41197070312500006 0.617967529296875 0.412869140625 0.63279736328125
1 0.6042535807291668 0.656615234375 0.6083717447916667 0.6337924804687499 0.41137174479166666 0.634594970703125 0.4140673828125 0.65683984375 0.6042535807291668 0.656615234375
2 0.25332421875 0.691641845703125 0.44219921874999996 0.690726806640625 0.4409791666666667 0.6734912109374999 0.2514944661458334 0.6736435546875 0.25332421875 0.691641845703125
10 0.46740950520833335 0.7108603515625 0.46329264322916663 0.693261474609375 0.25332421875 0.6946923828125 0.2563736979166667 0.712690673828125 0.46740950520833335 0.7108603515625
0 0.5981861979166666 0.724042724609375 0.80899609375 0.7227741699218749 0.8160416666666668 0.6642062988281249 0.5964954427083333 0.665052001953125 0.5981861979166666 0.724042724609375