4 0.17618033854166665 0.1416962890625 0.5666751302083334 0.158175048828125 0.5636243489583334 0.103703125 0.1706888020833333 0.076696044921875 0.17618033854166665 0.1416962890625
3 0.6917552083333334 0.172822998046875 0.7718372395833333 0.17686669921875 0.7777861328125 0.10828076171875 0.6941959635416667 0.100041259765625 0.6917552083333334 0.172822998046875
5 0.2786852213541667 0.2171904296875 0.6864166666666667 0.229491943359375 0.6868740234375001 0.19933837890625 0.2786852213541667 0.18926782226562497 0.2786852213541667 0.2171904296875
6 0.6234186197916668 0.251063720703125 0.6246389973958334 0.229491943359375 0.3512926432291667 0.2208525390625 0.3519029947916667 0.244197509765625 0.6234186197916668 0.251063720703125
9 0.5190833333333333 0.2808173828125 0.5186259765625001 0.261524658203125 0.47027148437499994 0.26113427734375 0.4690514322916666 0.2808173828125 0.5190833333333333 0.2808173828125
7 0.6993929036458333 0.626827392578125 0.7181005859375 0.28879931640625 0.23559928385416667 0.283556640625 0.24729166666666666 0.6677624511718752 0.6993929036458333 0.626827392578125
8 0.38520182291666666 0.677333251953125 0.5779609375 0.660345947265625 0.5771702473958333 0.6445908203125 0.38520182291666666 0.6595385742187498 0.38520182291666666 0.677333251953125
1 0.5784352213541667 0.6887219238281251 0.5787516276041667 0.664200439453125 0.3861507161458334 0.679943115234375 0.3855179036458333 0.7072285156250001 0.5784352213541667 0.6887219238281251
2 0.22158138020833335 0.7695830078125 0.41456542968750004 0.74679345703125 0.4131259765625 0.726674072265625 0.2200458984375 0.748560546875 0.22158138020833335 0.7695830078125
10 0.43922819010416664 0.767279052734375 0.43663704427083333 0.74895263671875 0.22158138020833335 0.7744785156249999 0.22196516927083335 0.794925048828125 0.43922819010416664 0.767279052734375
0 0.57511328125 0.770524658203125 0.7474651692708334 0.749790283203125 0.7547584635416666 0.6775078125 0.5735781249999999 0.6979541015625 0.57511328125 0.770524658203125