4 0.7912178540503251 0.09546400963455047 0.40275118216192096 0.10040657645885652 0.4021995240567015 0.16949041233224346 0.793661225273536 0.15663734782061972 0.7912178540503251 0.09546400963455047
3 0.24375265288179337 0.0928123749746403 0.14159239391637485 0.0925375472615677 0.14540237202249792 0.188376673437327 0.25466147912830395 0.18368981575982385 0.24375265288179337 0.0928123749746403
5 0.6982692246114316 0.19453207526308833 0.2617047244133569 0.21197525825358668 0.2674806599176689 0.2461576244329951 0.6966362211038708 0.2233111727161208 0.6982692246114316 0.19453207526308833
6 0.6960907298832979 0.24781384254305222 0.6954330111502834 0.2264480895414651 0.2678198430570318 0.2494795308060557 0.2698103564432044 0.27643638568948636 0.6960907298832979 0.24781384254305222
9 0.5292928895767944 0.2717903018511236 0.4683376196824537 0.2753145773117462 0.47257977997617967 0.29968319996687 0.5298035032450995 0.29471676646323747 0.5292928895767944 0.2717903018511236
7 0.7566896795836168 0.6486917145948566 0.7408760198269986 0.2822076268256048 0.2305890011488747 0.32284535901143335 0.29480832404668145 0.7296132646146418 0.7566896795836168 0.6486917145948566
8 0.6373571981571501 0.6727418024469309 0.43852345969162804 0.708536442177904 0.44094244525049925 0.7277669626240226 0.6384867384971267 0.6904969056214986 0.6373571981571501 0.6727418024469309
1 0.6397189553903152 0.7248746504775063 0.638103539950147 0.6934364818250169 0.44150765506315265 0.7305150353253326 0.44560180135643757 0.7622467576289187 0.6397189553903152 0.7248746504775063
2 0.7882321912113113 0.7116496711340483 0.614216235486361 0.7467860198934245 0.6157864750209432 0.7710221269156479 0.7890089922005593 0.7353631131437642 0.7882321912113113 0.7116496711340483
10 0.7902381212685577 0.7602848316467605 0.7905668527616089 0.7377367331643077 0.5894913117239289 0.7792366125971439 0.5911398281185782 0.8042393508876807 0.7902381212685577 0.7602848316467605
0 0.4424649540906295 0.7767891701432887 0.2133325607239241 0.8217409101905919 0.22520700989515763 0.9016018884444024 0.45272523653903496 0.8515570164784907 0.4424649540906295 0.7767891701432887