4 0.19913932291666667 0.237506103515625 0.5897184244791667 0.23238745117187498 0.5897184244791667 0.181142333984375 0.20333919270833334 0.183593017578125 0.19913932291666667 0.237506103515625
3 0.8174397786458334 0.23480322265625 0.8113733723958334 0.176390625 0.7292444661458334 0.17633886718750003 0.7297109374999999 0.23445312500000004 0.8174397786458334 0.23480322265625
5 0.3225660807291667 0.284938232421875 0.7040455729166667 0.282260009765625 0.703345703125 0.259031982421875 0.3234993489583334 0.2621826171875 0.3225660807291667 0.284938232421875
6 0.6541822916666666 0.3046630859375 0.6543020833333334 0.283700439453125 0.37485351562499997 0.2859716796875 0.3731767578124999 0.30646044921875 0.6541822916666666 0.3046630859375
9 0.5382343749999999 0.335921875 0.5387135416666667 0.31446923828125 0.4869684244791667 0.314175048828125 0.48624967447916667 0.3357421875 0.5382343749999999 0.335921875
7 0.7738453776041667 0.3396689453125 0.2525270182291667 0.34283740234375 0.2234222005208333 0.7300603027343752 0.8046621093749999 0.732629150390625 0.7738453776041667 0.3396689453125
8 0.38617089843749997 0.7637011718749999 0.643865234375 0.76434423828125 0.643271484375 0.74165087890625 0.3888427734375 0.74142822265625 0.38617089843749997 0.7637011718749999
1 0.645349609375 0.8029013671875 0.6442363281250001 0.76851904296875 0.38617089843749997 0.7672646484375 0.3829049479166667 0.800896728515625 0.645349609375 0.8029013671875
2 0.1714140625 0.859861328125 0.42317350260416664 0.85917822265625 0.422458984375 0.83133154296875 0.17284342447916667 0.83261865234375 0.1714140625 0.859861328125
10 0.4556266276041666 0.864135498046875 0.17119954427083334 0.8648076171875 0.169984375 0.898671630859375 0.45619824218750005 0.89759912109375 0.4556266276041666 0.864135498046875
0 0.9282102864583334 0.9246767578125 0.9187483723958333 0.8230029296875 0.64737109375 0.823364013671875 0.6503815104166667 0.926935546875 0.9282102864583334 0.9246767578125