4 0.5554720052083333 0.23832153320312502 0.20290690104166664 0.23832153320312502 0.20290690104166664 0.29434936523437505 0.5554720052083333 0.29434936523437505 0.5554720052083333 0.23832153320312502
3 0.7972395833333334 0.23031005859375003 0.6971223958333334 0.23031005859375003 0.6971223958333334 0.30102294921875 0.7972395833333334 0.30102294921875 0.7972395833333334 0.23031005859375003
5 0.569560546875 0.32288696289062496 0.43399414062499997 0.32288696289062496 0.43399414062499997 0.349412841796875 0.569560546875 0.349412841796875 0.569560546875 0.32288696289062496
6 0.6681966145833333 0.360277099609375 0.34618489583333334 0.360277099609375 0.34618489583333334 0.385567626953125 0.6681966145833333 0.385567626953125 0.6681966145833333 0.360277099609375
9 0.5376725260416667 0.396329345703125 0.46543945312499996 0.396329345703125 0.46543945312499996 0.41893920898437503 0.5376725260416667 0.41893920898437503 0.5376725260416667 0.396329345703125
7 0.7129687499999998 0.42755615234375 0.2943619791666667 0.42755615234375 0.2943619791666667 0.73582275390625 0.7129687499999998 0.73582275390625 0.7129687499999998 0.42755615234375
8 0.6582893880208333 0.7567578125000002 0.34984863281250006 0.7567578125000002 0.34984863281250006 0.782724609375 0.6582893880208333 0.782724609375 0.6582893880208333 0.7567578125000002
1 0.6651676432291667 0.7868505859375 0.35149902343749995 0.7868505859375 0.35149902343749995 0.8281787109374998 0.6651676432291667 0.8281787109374998 0.6651676432291667 0.7868505859375
2 0.45743326822916663 0.869051513671875 0.20347167968750005 0.869051513671875 0.20347167968750005 0.885386962890625 0.45743326822916663 0.885386962890625 0.45743326822916663 0.869051513671875
10 0.5021435546874999 0.8876281738281251 0.20182128906249996 0.8876281738281251 0.20182128906249996 0.907054443359375 0.5021435546874999 0.907054443359375 0.5021435546874999 0.8876281738281251
0 0.8481396484374999 0.850885009765625 0.6255452473958334 0.850885009765625 0.6255452473958334 0.9313024902343751 0.8481396484374999 0.9313024902343751 0.8481396484374999 0.850885009765625