5 0.5847866022733946 0.20814369345004502 0.42977219251877774 0.2062559723363236 0.43104687919298096 0.24577722050566078 0.5860612889475978 0.24766494161938224 0.5847866022733946 0.20814369345004502
6 0.7095792958439127 0.2565639202111659 0.31020568911716695 0.2517004627372796 0.31138537689573986 0.2882763008650755 0.7107589836224855 0.29313975833896183 0.7095792958439127 0.2565639202111659
9 0.5523940152504448 0.30082033996174684 0.46500155057392295 0.29975609954041327 0.4661098710229428 0.33411921669172784 0.5535023356994647 0.33518345711306147 0.5523940152504448 0.30082033996174684
4 0.5788482274122381 0.09961007108627445 0.14407575914643952 0.09431553640843812 0.14639748174163567 0.16629979475370107 0.5811699500074342 0.17159432943153738 0.5788482274122381 0.09961007108627445
3 0.8824400799337838 0.09304618374669557 0.7550119876833576 0.09149440091177617 0.7579011829519536 0.18107296600601355 0.8853292752023799 0.18262474884093294 0.8824400799337838 0.09304618374669557
7 0.7537950503291543 0.34132485296780635 0.26214491870250983 0.33533767838510325 0.2741994593303669 0.7090848127691004 0.7658495909570114 0.7150719873518036 0.7537950503291543 0.34132485296780635
8 0.7101108386848807 0.7269502368391612 0.33710009400330526 0.7224078187536747 0.3382610340727903 0.7584023902231897 0.7112717787543658 0.7629448083086763 0.7101108386848807 0.7269502368391612
1 0.7162412822515174 0.7657542716623091 0.3393258924879617 0.761164303926603 0.34063003984787443 0.8015989711303818 0.7175454296114301 0.8061889388660879 0.7162412822515174 0.7657542716623091
2 0.47731302876868364 0.8479655699763872 0.18193313605867908 0.844368518186685 0.18252557942023404 0.8627370330477396 0.4779054721302386 0.8663340848374417 0.47731302876868364 0.8479655699763872
10 0.5182058843022022 0.8675181916067355 0.18157016243017468 0.8634187381377539 0.1823160534274574 0.8865448473279315 0.518951775299485 0.8906443007969131 0.5182058843022022 0.8675181916067355
0 0.905144424344491 0.8348545600730775 0.6734785777596998 0.832033399700835 0.67625780747415 0.9182025183456597 0.9079236540589414 0.921023678717902 0.905144424344491 0.8348545600730775