4 0.14024867858076678 0.7628693915077519 0.198830409899578 0.7695717250958983 0.18657082462274932 0.37246802281508534 0.11896050251221096 0.3673759556446849 0.14024867858076678 0.7628693915077519
3 0.107285166721944 0.21484485280405302 0.19011195123387686 0.2207441146714592 0.1906781787442857 0.11163438076296332 0.10283973751239721 0.1058661227637882 0.107285166721944 0.21484485280405302
5 0.22705094192048292 0.6493344627471548 0.25081819141009154 0.6512447125210244 0.24557185025004105 0.25960963423292976 0.21624066053373994 0.25954911310766404 0.22705094192048292 0.6493344627471548
6 0.25501033436103243 0.6048868886499997 0.27716944939208554 0.6076255974738098 0.2752518322702559 0.31743997575730426 0.2486067972009444 0.3153614184561241 0.25501033436103243 0.6048868886499997
9 0.2879698061418438 0.4978453529941484 0.30910037625991477 0.49905912534373825 0.30886077262208017 0.43895788993008933 0.2870268229579016 0.43805367704033005 0.2879698061418438 0.4978453529941484
7 0.3126351639129323 0.7190286898564259 0.7128058500104119 0.7540952488078966 0.7673269347306565 0.21535349425855974 0.3148292881640642 0.18614168798429945 0.3126351639129323 0.7190286898564259
8 0.7324392215275976 0.611987171556762 0.7538035350432728 0.6137059639500556 0.7816288824165123 0.38750221723729694 0.7573277306540285 0.3856465767305252 0.7324392215275976 0.611987171556762
1 0.7565177943041563 0.6141163654451233 0.7923803351614315 0.615978342162501 0.8238261414152122 0.3902859926732263 0.7841136726758777 0.38833946062107605 0.7565177943041563 0.6141163654451233
2 0.7925582458105994 0.7975953777540712 0.8202665699485868 0.799942292233175 0.8520362978182199 0.5843875464063175 0.8219025387433736 0.5840450259683988 0.7925582458105994 0.7975953777540712
10 0.8261132488316817 0.8003439022463622 0.8522300662129733 0.8022908285699816 0.8910790096063578 0.5516582265413144 0.8604698422051255 0.5514708264528513 0.8261132488316817 0.8003439022463622
0 0.8363838156305468 0.3954474107431114 0.9324832994402215 0.3985768572844709 0.9717963656339305 0.12760972022937367 0.8670664252003859 0.12784478642898606 0.8363838156305468 0.3954474107431114