4 0.6909310277855212 0.47012164812262536 0.6911947685861342 0.7842955436691154 0.7412602307952758 0.7760341903599316 0.742402863545188 0.46582842541798786 0.6909310277855212 0.47012164812262536
3 0.6818092827206295 0.19959463353629225 0.6823826010143889 0.2817989193761545 0.7462599345199478 0.2818825418763406 0.7457351449799098 0.20347766117725072 0.6818092827206295 0.19959463353629225
5 0.6342787714134195 0.41399848926594446 0.6343920991556745 0.574183408546388 0.6637534567605863 0.5721822583719338 0.6642119931579801 0.4137522426567859 0.6342787714134195 0.41399848926594446
6 0.6007239221865563 0.31133669322098495 0.6019860258485921 0.6616526549525376 0.6317800300353056 0.6591427459589004 0.6294395043530652 0.3118209939392208 0.6007239221865563 0.31133669322098495
9 0.5735716092143087 0.46107075103313794 0.5745513588774465 0.5381653461759213 0.5971203189628398 0.5370705706498954 0.5966977363017534 0.45997831913142506 0.5735716092143087 0.46107075103313794
7 0.2893041987087792 0.31415882912154 0.29130746271153907 0.6921072255689638 0.5543014979220889 0.6661378863516442 0.5547725564900807 0.31764291912083603 0.2893041987087792 0.31415882912154
8 0.2698927857900022 0.34086129228803164 0.23465254879804845 0.34287346337928665 0.23889165995506756 0.6764408742309618 0.27413189694702134 0.6744287031397067 0.2698927857900022 0.34086129228803164
1 0.22826847151065188 0.343241238838813 0.17224108530081403 0.3464403287562774 0.1764687119342627 0.6791040447883688 0.23249609814410055 0.6759049548709044 0.22826847151065188 0.343241238838813
2 0.10198317372284116 0.8581016737692327 0.12161636179508152 0.8556377815979358 0.12120172530211952 0.6444780320044605 0.10080017156906687 0.6459916618265089 0.10198317372284116 0.8581016737692327
10 0.0777300143918161 0.6358942765435717 0.07933104513149448 0.8610739845230936 0.09933485997456772 0.8580089095236815 0.09864826923277624 0.635371303261945 0.0777300143918161 0.6358942765435717
0 0.057788259160369594 0.39472357476479264 0.15978236902965626 0.3955985458458759 0.16192237396976758 0.15016443064426527 0.05777750156268731 0.14198910855252583 0.057788259160369594 0.39472357476479264