4 0.6173448744721688 0.1004648640233764 0.136379387784481 0.09461007559182665 0.13695777589961347 0.15220432069931086 0.6179232625873012 0.15805910913086063 0.6173448744721688 0.1004648640233764
3 0.8885726809458602 0.08872869195123606 0.7750108429557051 0.08734630474522431 0.7759290236646398 0.1787761308771801 0.8894908616547949 0.18015851808319183 0.8885726809458602 0.08872869195123606
5 0.8271286970847549 0.20578151288494342 0.21757242162293638 0.19836138996816166 0.2178815313428505 0.2291416575913329 0.8274378068046689 0.23656178050811463 0.8271286970847549 0.20578151288494342
6 0.6771629743991923 0.23716593768622776 0.36987838397093414 0.23342536520227922 0.37012134524090706 0.25761875813056095 0.6774059356691653 0.26135933061450944 0.6771629743991923 0.23716593768622776
9 0.5582542587533175 0.2740920245963621 0.4893105339093501 0.2732527732699847 0.4895871948345767 0.3008018821162413 0.558530919678544 0.3016411334426188 0.5582542587533175 0.2740920245963621
7 0.7987131700287958 0.30835240915506823 0.23845263437042594 0.30153236282405893 0.24270134170687604 0.7246065673647797 0.8029618773652458 0.7314266136957891 0.7987131700287958 0.30835240915506823
8 0.645734404595018 0.7305200094277161 0.40282007662140806 0.7275630155546794 0.4030699298878339 0.752442693907234 0.645984257861444 0.7553996877802704 0.645734404595018 0.7305200094277161
1 0.6467128835458666 0.7566527554783044 0.40306289542991786 0.7536868064211432 0.4034113704676501 0.7883869605423853 0.647061358583599 0.7913529095995466 0.6467128835458666 0.7566527554783044
2 0.4382263338949405 0.8079010846415423 0.209299314025888 0.8051143581410005 0.20960366557031504 0.8354208201687664 0.4385306854393676 0.8382075466693081 0.4382263338949405 0.8079010846415423
10 0.46527842732388613 0.8416430315456361 0.20852978251425813 0.8385176326614049 0.2087552317363045 0.8609672256148437 0.46550387654593245 0.8640926244990751 0.46527842732388613 0.8416430315456361
0 0.8912645210922444 0.8137516890831529 0.6362606277706413 0.8106475290426863 0.6370952706150973 0.8937588919893273 0.8920991639367003 0.896863052029794 0.8912645210922444 0.8137516890831529