4 0.17927755714699073 0.16055894217785496 0.5713529857494213 0.13627041075906637 0.5632502097800925 0.06777690489969139 0.17502853009259256 0.09963091483410497 0.17927755714699073 0.16055894217785496
3 0.7201450484664351 0.13639864125192902 0.8296956470630787 0.13071051130883488 0.8230208062065972 0.03525741283275461 0.7210971155237268 0.045196861135223754 0.7201450484664351 0.13639864125192902
5 0.28339518952546294 0.21753256413966046 0.7141807526765045 0.19959285120081022 0.716208201316551 0.16513021014178245 0.27861936125578707 0.18913216266396607 0.28339518952546294 0.21753256413966046
6 0.7151658347800924 0.2298561993634259 0.7142054054542823 0.2029209762008102 0.2849388943142361 0.2205311939380787 0.2866182056568287 0.24179275354456017 0.7151658347800924 0.2298561993634259
9 0.45769669053819445 0.2725956464602624 0.5153476616753472 0.27210868477527006 0.5169172724971065 0.24752847403067132 0.4556999547887732 0.2497994520399306 0.45769669053819445 0.2725956464602624
7 0.7397596209490741 0.6818684413580248 0.7593813223379628 0.27219240692515434 0.24568337492766204 0.2801563675491898 0.26996566116898146 0.6452820625964506 0.7397596209490741 0.6818684413580248
8 0.39249978298611116 0.6755768349729939 0.5937190827546297 0.6938642433449074 0.5940309009693286 0.6745546266155479 0.3916860550491898 0.6578531545380015 0.39249978298611116 0.6755768349729939
1 0.5928384711371528 0.7285163417486497 0.5934554343894676 0.6966443919994213 0.3932035608362269 0.6784572536892362 0.3950282262731482 0.7098033902391975 0.5928384711371528 0.7285163417486497
2 0.24718658673321764 0.7343364987220293 0.42395715964988423 0.7533268247251158 0.42287473777488427 0.7291309238763504 0.24536946795428244 0.7107342695071373 0.24718658673321764 0.7343364987220293
10 0.45218528284143517 0.783953150318287 0.45109717158564816 0.7589891830632716 0.24589135923032404 0.7368390395929785 0.24868438042534724 0.7591803933979551 0.45218528284143517 0.783953150318287
0 0.5954928186487268 0.8178049605758102 0.828021997974537 0.8459314356674382 0.8311420536747686 0.7655689344618055 0.5975587510850695 0.7426486563223379 0.5954928186487268 0.8178049605758102