4 0.16616276041666667 0.1401103515625 0.6026009114583333 0.144982177734375 0.6028994140625 0.08102587890625 0.16854915364583334 0.07699731445312498 0.16616276041666667 0.1401103515625
3 0.7598141276041667 0.152197021484375 0.8785445963541667 0.153987548828125 0.8773512369791666 0.075208251953125 0.7622008463541667 0.073865478515625 0.7598141276041667 0.152197021484375
5 0.3063681640625 0.20431811523437496 0.7344309895833333 0.211173095703125 0.733849609375 0.18103564453125 0.306755859375 0.17698681640625 0.3063681640625 0.20431811523437496
6 0.6939306640625 0.239187255859375 0.6950934244791668 0.213309814453125 0.36101464843750003 0.207785400390625 0.3590768229166667 0.23453515625 0.6939306640625 0.239187255859375
9 0.5497574869791667 0.273496826171875 0.5517919921875 0.250050537109375 0.48580957031249994 0.248200927734375 0.48348437499999997 0.27204296875 0.5497574869791667 0.273496826171875
7 0.79500390625 0.717111328125 0.8037373046874999 0.28407421875 0.224712890625 0.278224853515625 0.21335970052083333 0.7099040527343751 0.79500390625 0.717111328125
8 0.3817307942708333 0.740715087890625 0.6338274739583333 0.7469228515625 0.6332760416666666 0.72333349609375 0.38283398437500005 0.717953369140625 0.3817307942708333 0.740715087890625
1 0.6327242838541667 0.750233642578125 0.3813170572916666 0.743775146484375 0.3800758463541667 0.7808583984375 0.6316210937499999 0.785410888671875 0.6327242838541667 0.750233642578125
2 0.1727994791666667 0.8309287109375 0.42268977864583335 0.83531201171875 0.42324121093749995 0.80692529296875 0.17169596354166666 0.8044423828125 0.1727994791666667 0.8309287109375
10 0.4571507161458333 0.8403662109375 0.17266666666666666 0.8372373046875 0.17305794270833333 0.86531982421875 0.4571507161458333 0.86913623046875 0.4571507161458333 0.8403662109375
0 0.8773352864583333 0.89650537109375 0.8809781901041666 0.802443115234375 0.6237884114583333 0.802125732421875 0.6199026692708333 0.89614111328125 0.8773352864583333 0.89650537109375