0 0.10530511729178996 0.8449742874296079 0.175931801069709 0.8424691859331652 0.19784171946468343 0.4383513700315401 0.13278325548655573 0.4450539307231856 0.10530511729178996 0.8449742874296079
3 0.1375356659871458 0.3007634109246755 0.20765537903564513 0.2980332626109065 0.21280297553343563 0.21291956703856488 0.1433490111225811 0.21805650112343017 0.1375356659871458 0.3007634109246755
5 0.2353680989366257 0.6972235538564057 0.2547817835551377 0.32810288876293503 0.22874938780829782 0.32822019338467384 0.20810501953337326 0.6995417020746098 0.2353680989366257 0.6972235538564057
6 0.23984351800218395 0.6969797734244209 0.26278586403382515 0.6965631832591962 0.28051301142791063 0.3228479442600734 0.2573976053775826 0.32540744305660807 0.23984351800218395 0.6969797734244209
9 0.2794609007664071 0.5436609588554953 0.30460382005301334 0.5415161792084541 0.30837064852334495 0.46094529297564113 0.28299387596818726 0.4628283620175327 0.2794609007664071 0.5436609588554953
7 0.2974205860426731 0.7758246739085431 0.7138073749223788 0.747837127804222 0.7015104948413698 0.2202999548138986 0.3152112940227809 0.25515748967272284 0.2974205860426731 0.7758246739085431
8 0.7181897678394498 0.5856150788965214 0.7378095515431816 0.584100553439397 0.7317549158713333 0.3628239889607298 0.7132617503582599 0.36414707589764733 0.7181897678394498 0.5856150788965214
1 0.7408975465501818 0.5826810688385249 0.7762315414903206 0.5785575494215772 0.7701662831507766 0.359456668023527 0.7355465946508253 0.36292149239360555 0.7408975465501818 0.5826810688385249
2 0.8077714843930783 0.7891191969923085 0.83402755916548 0.788837525835168 0.8265017909799985 0.5369512787783168 0.8005945996902974 0.5403005196117208 0.8077714843930783 0.7891191969923085
10 0.8430465399390786 0.788650943393862 0.8709920400744752 0.7848863088515589 0.8589363275077799 0.5069042779959833 0.829826405969642 0.5108012770867061 0.8430465399390786 0.788650943393862
0 0.7822778544321963 0.13338991165880157 0.7936481375513632 0.3616563249116244 0.8698820835071169 0.3555735410053493 0.856779989749149 0.12585719878489043 0.7822778544321963 0.13338991165880157