4 0.231055512565726 0.7888195475159469 0.2806820202865525 0.7988120337829406 0.2988966997966991 0.48532629036051644 0.24763616489425969 0.47924422922762017 0.231055512565726 0.7888195475159469
3 0.2542865513036532 0.29556111505449384 0.31821085525643983 0.2977091629074792 0.32348140897269223 0.21570255112807604 0.2592914598902967 0.2173440024920721 0.2542865513036532 0.29556111505449384
5 0.3202608467085501 0.5881157655531654 0.349527259705108 0.5911383003348814 0.35879305148495677 0.43130350415097274 0.3288541277510943 0.430012103046912 0.3202608467085501 0.5881157655531654
6 0.34728678370905885 0.6760052882109185 0.37695706041518917 0.679550596437789 0.3982357896811884 0.33003576764048864 0.36947356896412864 0.3295158721300944 0.34728678370905885 0.6760052882109185
9 0.38894415267991783 0.5554077160350923 0.4114654685923521 0.5572885493742337 0.4168507728184517 0.48039478437316957 0.39377178797512963 0.478496825531476 0.38894415267991783 0.5554077160350923
7 0.42441681518891605 0.6856919455838979 0.6861007699831957 0.7207925933199429 0.7096999669116281 0.3437309359561515 0.4438571923631749 0.3379336298083177 0.42441681518891605 0.6856919455838979
8 0.7394463135474756 0.7069911901364252 0.7627470648390761 0.37429271685774357 0.7275985190057026 0.3710538123068683 0.704297767714102 0.7037522855855498 0.7394463135474756 0.7069911901364252
1 0.801758329498612 0.7118292876732144 0.8249959548146237 0.38003215510409954 0.7691143456026812 0.3748827187875921 0.7458767202866695 0.706679851356707 0.801758329498612 0.7118292876732144
2 0.85904022696418 0.6792087986116493 0.8465604092571133 0.8898977411547614 0.8660657876138323 0.8930421742319168 0.8793687730733171 0.6814318649556176 0.85904022696418 0.6792087986116493
10 0.8687211508536294 0.8930421265982995 0.888563051368443 0.8967993907996811 0.9030310968767766 0.6721622328698553 0.8821289058202354 0.6709096318023207 0.8687211508536294 0.8930421265982995
0 0.8465359795953035 0.18454088839738475 0.8346541769562146 0.42951937248121014 0.9367656491532499 0.4322093526733325 0.9512167507174146 0.18002142854289624 0.8465359795953035 0.18454088839738475