4 0.17804915364583332 0.16583447265625 0.5702184244791666 0.153165771484375 0.5626246744791666 0.084447265625 0.17425227864583334 0.1047939453125 0.17804915364583332 0.16583447265625
3 0.7189768880208334 0.15770166015625 0.8285455729166666 0.15526000976562504 0.8225791015625 0.059630126953125 0.7206041666666666 0.066548095703125 0.7189768880208334 0.15770166015625
5 0.28172200520833335 0.2258798828125 0.7125458984374999 0.22070532226562503 0.7148281250000001 0.186310302734375 0.2771575520833333 0.19734423828125 0.28172200520833335 0.2258798828125
6 0.7133066406249999 0.2509912109375 0.7125458984374999 0.22403344726562502 0.2832431640625 0.228923583984375 0.28476464843750005 0.250230224609375 0.7133066406249999 0.2509912109375
9 0.45557747395833337 0.28609423828125 0.5132194010416666 0.287315185546875 0.514970703125 0.262786865234375 0.45375000000000004 0.263243896484375 0.45557747395833337 0.28609423828125
7 0.7345475260416667 0.7036328125 0.7571988932291666 0.2946279296875 0.2435546875 0.287372802734375 0.26512760416666664 0.6531376953125 0.7345475260416667 0.7036328125
8 0.3874104817708333 0.6870556640625 0.5884501953125001 0.7112998046875 0.5889049479166667 0.692003662109375 0.3867281901041667 0.669311767578125 0.3874104817708333 0.6870556640625
1 0.5873131510416667 0.745918212890625 0.588166015625 0.714071533203125 0.3880927734375 0.6899562988281249 0.3896848958333334 0.721349609375 0.5873131510416667 0.745918212890625
2 0.2416940104166667 0.741497802734375 0.41828515625 0.765720458984375 0.41738216145833335 0.741497802734375 0.24005208333333336 0.717846923828125 0.2416940104166667 0.741497802734375
10 0.4462802734375 0.79717626953125 0.4453772786458334 0.772185546875 0.24038053385416663 0.74396142578125 0.2430074869791667 0.7663806152343748 0.4462802734375 0.79717626953125
0 0.5893056640625 0.835265869140625 0.8215755208333334 0.8702744140625 0.8252900390625001 0.79002197265625 0.591927734375 0.760187255859375 0.5893056640625 0.835265869140625