4 0.07426773630345418 0.22536280170976652 0.5153615481587481 0.18589995294942058 0.493110016587156 0.12015059168665689 0.04662118335455405 0.15851073528269166 0.07426773630345418 0.22536280170976652
3 0.6919149004176176 0.18253910056485403 0.8017037007302262 0.17829650922891693 0.7793185297332045 0.09033510437806322 0.6791122693559478 0.09881874681928411 0.6919149004176176 0.18253910056485403
5 0.1975806755113448 0.2869443958079201 0.688444356763099 0.25000034338918237 0.6855374335196508 0.2214699485743037 0.18739378933974268 0.2587924455405167 0.1975806755113448 0.2869443958079201
6 0.5999714929190239 0.2862728813291464 0.5951334097671482 0.2610063958791321 0.2849776570862265 0.2831912300499905 0.29200056945321173 0.3105688871734862 0.5999714929190239 0.2862728813291464
9 0.4831439204174493 0.329241476989744 0.4694630511643811 0.3043768560235862 0.40819316670283473 0.3094792997631873 0.4166505389492336 0.3341135222780136 0.4831439204174493 0.329241476989744
7 0.7765157161730093 0.6712362030170825 0.7415558684174708 0.3203843596622426 0.17926948197544781 0.3560965899446426 0.2923896652423628 0.6940205248063324 0.7765157161730093 0.6712362030170825
8 0.43339509889183175 0.7058251664774576 0.6345505814607739 0.6966445799389483 0.6268936515007149 0.6816540215511299 0.43040686207289663 0.6915675642126632 0.43339509889183175 0.7058251664774576
1 0.6419377965887695 0.7213111772263681 0.6349337921345893 0.699007393889855 0.43392029906670543 0.708197861617485 0.44163116701787125 0.7298773197267353 0.6419377965887695 0.7213111772263681
2 0.290389099031282 0.7705236712547762 0.47219292450824946 0.7620361980887381 0.46692047851535284 0.7450974868512987 0.285808237836666 0.7546956943118176 0.290389099031282 0.7705236712547762
10 0.5062017735664894 0.7850735180559854 0.5011885064276266 0.7668467159720587 0.28834401331877285 0.7746088716340883 0.29433886977341994 0.7933131718927398 0.5062017735664894 0.7850735180559854
0 0.6428662394713791 0.7953802456969712 0.8666980299196188 0.7864388982881193 0.8638108145333107 0.716698999116736 0.6305562000696865 0.727114546768844 0.6428662394713791 0.7953802456969712