4 0.37876630740999984 0.8540732173992792 0.37576255940706643 0.9179613947549237 0.8095655215027564 0.9403605185306623 0.8146196765059798 0.8774031939729682 0.37876630740999984 0.8540732173992792
3 0.10344300421068503 0.833402582305481 0.10130277544671656 0.9121640053036926 0.21629644895797054 0.9183767505637382 0.22199470839579463 0.8402141388284106 0.10344300421068503 0.833402582305481
5 0.24985065077172966 0.7823630048756347 0.24915664025872739 0.8124988999229795 0.6757085311213162 0.8346113020419051 0.6772520693445088 0.8073201186865233 0.24985065077172966 0.7823630048756347
6 0.2892444714652554 0.7818922132186121 0.6227996755106211 0.8015441650631895 0.6258673982546564 0.7748995942941214 0.29150090063194034 0.7560864128984421 0.2892444714652554 0.7818922132186121
9 0.43397578329830105 0.7512453633605941 0.4998227101324143 0.7558845821087805 0.5031544632597624 0.7321615898635164 0.43700035729558706 0.7279054827926699 0.43397578329830105 0.7512453633605941
7 0.1836883637734237 0.7065933143517109 0.7619629232931183 0.7369317217410453 0.7915673249546965 0.3061073523796081 0.2107326897768743 0.27430138962275946 0.1836883637734237 0.7065933143517109
8 0.37303036999136824 0.251333881854014 0.3725834376565772 0.27492609603229884 0.6225805971998535 0.29089585272513657 0.6246457052221825 0.2682005516200749 0.37303036999136824 0.251333881854014
1 0.6251885310041431 0.2651606502655068 0.6279973752083692 0.22816208118790338 0.37686297177281275 0.2129725755036305 0.3742726572494095 0.24807263115119196 0.6251885310041431 0.2651606502655068
2 0.5877239365840932 0.17195304538457704 0.5859721566673469 0.20029180642104272 0.837194108290059 0.2134135277765162 0.8372119851995732 0.18690350016430163 0.5877239365840932 0.17195304538457704
10 0.8376115510637899 0.18060599859035253 0.8384085722691837 0.1525312940055027 0.5547237457692487 0.1367003954184842 0.5535067051333189 0.16544545155560703 0.8376115510637899 0.18060599859035253
0 0.12844274344170512 0.18540672602833513 0.385395935609647 0.19660357621365196 0.39325538165474777 0.10283414753869075 0.13606154457778386 0.09158019037512445 0.12844274344170512 0.18540672602833513