4 0.27158502901761966 0.7545930531630108 0.6659903963187142 0.7586389651567678 0.6583682373696407 0.6990863063055835 0.2749808210841869 0.6898178962863092 0.27158502901761966 0.7545930531630108
3 0.8295361619084416 0.7749967452632502 0.9260070681460442 0.774759014297207 0.9178702105447581 0.6971199756171054 0.8220002130417813 0.6991592244869353 0.8295361619084416 0.7749967452632502
5 0.5297263121140409 0.6635996215990567 0.6560855967618819 0.6689631857367788 0.6538059806277169 0.6382072175659069 0.5274397584996062 0.6342156578857296 0.5297263121140409 0.6635996215990567
6 0.42125540609904477 0.6239430735024 0.7606562566132411 0.638061714880288 0.7557876295498317 0.6061965159758914 0.4183606634993002 0.5940712800867227 0.42125540609904477 0.6239430735024
9 0.5533260838215547 0.5884284668296865 0.6180338604903659 0.590728682626744 0.6181742510624422 0.5642092661286418 0.5510125790614447 0.5640739725803857 0.5533260838215547 0.5884284668296865
7 0.35165274216722553 0.27753887268299887 0.3630458255220305 0.5474512549172149 0.7926179176572679 0.5691630124912519 0.7318951719109956 0.3042059236488637 0.35165274216722553 0.27753887268299887
8 0.40725293141191804 0.27025678037316414 0.6886168756606862 0.2906390299918068 0.6858251958273341 0.2700960864927326 0.40309372288692236 0.24855455034366863 0.40725293141191804 0.27025678037316414
1 0.3992031625231018 0.21647059880041025 0.399785361037762 0.24506565765735253 0.6889937578794637 0.26602694198067595 0.6862004282300047 0.2395193446696004 0.3992031625231018 0.21647059880041025
2 0.2632265229764356 0.17783040134619177 0.49246209971476346 0.19804296757374118 0.4929691926577043 0.1840924472347213 0.26469428119755833 0.16233328559811028 0.2632265229764356 0.17783040134619177
10 0.2640226769024751 0.14884230958491354 0.2631609391832012 0.16240638780958858 0.5285417301354332 0.18798739531783754 0.5292657068140332 0.1730641256535972 0.2640226769024751 0.14884230958491354
0 0.6399311954809485 0.1655178146078338 0.6508750569619773 0.224501036840582 0.8363377999519772 0.23774141818903213 0.8226635308037735 0.1812838121837918 0.6399311954809485 0.1655178146078338