4 0.2273348179344897 0.9298363425333044 0.5876708262954348 0.9287119951389063 0.5882856239578671 0.8619402174164554 0.22861412830046285 0.8688562917450013 0.2273348179344897 0.9298363425333044
3 0.735302874564235 0.9357692076565015 0.8379834462712898 0.9349862765794292 0.8364258706106364 0.8460666789791889 0.7338959779439881 0.850856225338223 0.735302874564235 0.9357692076565015
5 0.40928354321278987 0.8281891536759631 0.6104337992804892 0.8215208095481489 0.6092144613225917 0.7950370953097875 0.40829157286345086 0.8018122697363806 0.40928354321278987 0.8281891536759631
6 0.377496837255993 0.7785552011570253 0.3777923030575831 0.7982810123504035 0.6391330651640296 0.7890671793754662 0.639971657488494 0.763871306268606 0.377496837255993 0.7785552011570253
9 0.4769387121620057 0.7391484158494509 0.47725895664449486 0.7595417719895023 0.5284949288609941 0.7563722305731019 0.529973406481361 0.7363132318904967 0.4769387121620057 0.7391484158494509
7 0.2832304427309668 0.4028748920403487 0.2796879831391058 0.747477920063396 0.7559647394034317 0.7140820438385348 0.7244507980914969 0.3313680092006465 0.2832304427309668 0.4028748920403487
8 0.4018319905619039 0.3767027395639528 0.5855764141080165 0.3490046811696767 0.5838794787012527 0.32993591044028503 0.40271722219474726 0.3601598920162147 0.4018319905619039 0.3767027395639528
1 0.3998785565559247 0.3327712560568347 0.3998999889718866 0.35739179055715514 0.588221637805353 0.32515978808557505 0.5876217941962578 0.29918716506097526 0.3998785565559247 0.3327712560568347
2 0.2581334394956841 0.3360646497722666 0.4257862924548909 0.3096774113359779 0.4265168760500143 0.28625667461854243 0.2595622017560469 0.31692923542641843 0.2581334394956841 0.3360646497722666
10 0.2575744016957998 0.29263189456736743 0.2569506668320983 0.31413393981970783 0.4471659921366791 0.2759697677831204 0.447024443802963 0.2555508313810299 0.2575744016957998 0.29263189456736743
0 0.578572396386497 0.290231727513854 0.8103546417898541 0.2457910272913524 0.8015711282986728 0.1669417830704131 0.5774088770472724 0.21168620310888994 0.578572396386497 0.290231727513854