4 0.38567757053245233 0.15281420121746797 0.8419778733436268 0.12092309459313955 0.8376350151329782 0.05145892994101384 0.3813347123218036 0.08335003656534225 0.38567757053245233 0.15281420121746797
3 0.1372761947868506 0.179588944242935 0.24749719071314982 0.17188553157441466 0.2422168464214772 0.08742624519999952 0.13199585049517795 0.09512965786851985 0.1372761947868506 0.179588944242935
5 0.27910740338899215 0.2222270830492994 0.6983208184035947 0.19292800164563892 0.6964893935891469 0.1636342995056849 0.2772759785745442 0.19293338090934536 0.27910740338899215 0.2222270830492994
6 0.33868769817557903 0.24649645666453066 0.6478165736184557 0.2248912509114959 0.646275058418799 0.20023466291142153 0.3371461829759223 0.22183986866445626 0.33868769817557903 0.24649645666453066
9 0.4645370118234973 0.2747457463032439 0.5298931077425374 0.2701779688753896 0.5283322550843311 0.24521207756871613 0.4629761591652911 0.2497798549965704 0.4645370118234973 0.2747457463032439
7 0.2349880637903436 0.724600163490996 0.808530366866704 0.6845149419202792 0.781732151376347 0.25587657453336815 0.2081898482999866 0.2959617961040849 0.2349880637903436 0.724600163490996
8 0.4094197574334898 0.7409048783239361 0.6420908378245286 0.724643354526046 0.640809997656659 0.7041562725172921 0.4081389172656202 0.720417796315182 0.4094197574334898 0.7409048783239361
1 0.4115872376772425 0.7787315542676602 0.64483988205563 0.7624293846077904 0.6426344982002541 0.7271541949008488 0.40938185382186637 0.7434563645607185 0.4115872376772425 0.7787315542676602
2 0.6219870061674834 0.8163303383887744 0.8551421817211756 0.8000349808845437 0.8537625225722139 0.7779672859152953 0.6206073470185216 0.7942626434195259 0.6219870061674834 0.8163303383887744
10 0.5864889534662091 0.852869604735099 0.8571663775667793 0.8339517943816792 0.8557488048179841 0.8112776700947675 0.5850713807174137 0.8301954804481874 0.5864889534662091 0.852869604735099
0 0.1501844867909799 0.9045818923633431 0.4202511062567926 0.8857067715185947 0.4146443091215736 0.7960258608186007 0.14457768965576082 0.8149009816633489 0.1501844867909799 0.9045818923633431