4 0.07007436545142787 0.8601909588619226 0.542921898663222 0.8797452182312449 0.5580524325630072 0.8123431811886392 0.09482741268108213 0.7925151424687409 0.07007436545142787 0.8601909588619226
4 0.7056238774221106 0.8915656828975084 0.8106119445330409 0.8948272355555692 0.8236446529654384 0.8039891560525535 0.7138967734502357 0.7994007466995517 0.7056238774221106 0.8915656828975084
5 0.3289995104169657 0.7602153024169531 0.5775517059370029 0.766670177405574 0.5816590757670362 0.7411979838349411 0.33591335182430704 0.735354578562469 0.3289995104169657 0.7602153024169531
6 0.3011919118781645 0.7292604189323387 0.6141137627482047 0.7377395206695793 0.6139423978114673 0.7120510601649715 0.30895304645379346 0.70570811063234 0.3011919118781645 0.7292604189323387
9 0.43448474162905776 0.675752595975037 0.42913797974521983 0.6932870749247507 0.49030559799354356 0.6972109801835205 0.49569709885032154 0.6772701506337088 0.43448474162905776 0.675752595975037
7 0.2839042687195389 0.3420940661275612 0.19101752486023 0.6614662754129815 0.7445213995941565 0.6729227365775873 0.7482334524780653 0.34916072809138393 0.2839042687195389 0.3420940661275612
8 0.41920188136353725 0.34102279242213945 0.6041225628682191 0.34445907133982523 0.6068250733612396 0.33257850905376896 0.4214844287395596 0.329622520282016 0.41920188136353725 0.34102279242213945
1 0.4235344029164534 0.30700044772745927 0.41860067151287683 0.3281062273172213 0.6097544992188376 0.3297510899565029 0.613781552067166 0.30810149385026364 0.4235344029164534 0.30700044772745927
2 0.2679088579255363 0.2900032243787654 0.4482333804559161 0.29347208692491167 0.45302018078749035 0.27617354712371783 0.2737360303250582 0.27417172625078334 0.2679088579255363 0.2900032243787654
10 0.2798090043562564 0.25573232871757434 0.27443850185502056 0.27152630456490884 0.4735051350512854 0.27362799660151194 0.47840454222723366 0.2576999533500788 0.2798090043562564 0.25573232871757434
0 0.6106979679116981 0.2990269698037877 0.8243405994284703 0.30233566017704844 0.8213972196058393 0.2467437462149133 0.6197295843282075 0.24447124934041298 0.6106979679116981 0.2990269698037877