4 0.2289655464922082 0.14003598948507645 0.5814757876236981 0.14275117076366653 0.5774841798103284 0.07702624158808814 0.22418739333129167 0.08237012785153118 0.2289655464922082 0.14003598948507645
3 0.7238613876590553 0.1547528633420465 0.8275934413195645 0.1559299189824493 0.8254317034014812 0.06559426329552304 0.7183152940498637 0.0685543045059677 0.7238613876590553 0.1547528633420465
5 0.3582706086976704 0.202895596771967 0.6560376941722383 0.2148416271979008 0.6575575974166431 0.18699935326364095 0.3568252026025367 0.1787989341158666 0.3582706086976704 0.202895596771967
6 0.6558034499610333 0.24508893835590098 0.6559150641385372 0.21890259012024457 0.35658233420561786 0.20482948493119282 0.35530412801299655 0.22917017942833728 0.6558034499610333 0.24508893835590098
9 0.5283243091667112 0.27186300921507045 0.5252879391180165 0.2497060485952807 0.46589722657370847 0.2472495581398728 0.46703705467601997 0.26793694943519 0.5283243091667112 0.27186300921507045
7 0.7328087296105823 0.6773129661515914 0.7469973691509877 0.29273376216994323 0.27804330061391175 0.2637636279638827 0.29637159760994664 0.607143346863156 0.7328087296105823 0.6773129661515914
8 0.411690891327239 0.648773914116274 0.5914439013066652 0.6802239706944613 0.5909364898035855 0.6632217365696718 0.41079314734978384 0.6334256772946872 0.411690891327239 0.648773914116274
1 0.5917871902390074 0.7101759388043372 0.5916118192267975 0.6840566765889278 0.4100338980746099 0.6510539242218395 0.41290928328029963 0.6760370815559781 0.5917871902390074 0.7101759388043372
2 0.2768229429157484 0.6898674224793621 0.4308627066482862 0.7201103412427492 0.43069954128590865 0.7029694878048551 0.2750348362183871 0.6739559587811866 0.2768229429157484 0.6898674224793621
10 0.4532486509643611 0.7507412943697872 0.4534590091585786 0.7325030804476682 0.27637494750701463 0.6953096410244105 0.2785904817803269 0.7120960432665338 0.4532486509643611 0.7507412943697872
0 0.597097097786253 0.8010432043697884 0.8118689665749449 0.8467185720513413 0.8180400843010719 0.7644511605640437 0.5951506190738515 0.7227546164502122 0.597097097786253 0.8010432043697884