4 0.6096142578124999 0.0574365234375 0.1329768880208333 0.0574365234375 0.1329768880208333 0.1275732421875 0.6096142578124999 0.1275732421875 0.6096142578124999 0.0574365234375
3 0.8810139973958333 0.0518701171875 0.7792203776041666 0.0518701171875 0.7792203776041666 0.1448974609375 0.8810139973958333 0.1448974609375 0.8810139973958333 0.0518701171875
5 0.7383040364583332 0.162772216796875 0.28954752604166667 0.162772216796875 0.28954752604166667 0.199342041015625 0.7383040364583332 0.199342041015625 0.7383040364583332 0.162772216796875
6 0.7350048828125 0.20243530273437502 0.2908675130208333 0.20243530273437502 0.2908675130208333 0.229610595703125 0.7350048828125 0.229610595703125 0.7350048828125 0.20243530273437502
9 0.5535221354166667 0.240006103515625 0.46904947916666667 0.240006103515625 0.46904947916666667 0.268016357421875 0.5535221354166667 0.268016357421875 0.5535221354166667 0.240006103515625
7 0.8100146484374998 0.271298828125 0.21494628906249996 0.271298828125 0.21494628906249996 0.7132958984375 0.8100146484374998 0.7132958984375 0.8100146484374998 0.271298828125
8 0.6268961588541666 0.7198779296874999 0.38064941406249997 0.7198779296874999 0.38064941406249997 0.741982421875 0.6268961588541666 0.741982421875 0.6268961588541666 0.7198779296874999
1 0.62689453125 0.744801025390625 0.38139973958333334 0.744801025390625 0.38139973958333334 0.781644287109375 0.62689453125 0.781644287109375 0.62689453125 0.744801025390625
2 0.413310546875 0.8040869140625 0.17738606770833332 0.8040869140625 0.17738606770833332 0.8296044921875001 0.413310546875 0.8296044921875001 0.413310546875 0.8040869140625
10 0.45424967447916664 0.833642578125 0.17694173177083336 0.833642578125 0.17694173177083336 0.8611425781250001 0.45424967447916664 0.8611425781250001 0.45424967447916664 0.833642578125
0 0.8902473958333333 0.798939208984375 0.6193554687500001 0.798939208984375 0.6193554687500001 0.884796142578125 0.8902473958333333 0.884796142578125 0.8902473958333333 0.798939208984375