4 0.2612958984375 0.3055056152343751 0.64446875 0.3152939453125 0.6524007161458334 0.25606884765625 0.2582451171875 0.240505615234375 0.2612958984375 0.3055056152343751
3 0.8079886067708334 0.32335791015625 0.9037819010416668 0.330166259765625 0.9123238932291667 0.25286474609375 0.8159205729166666 0.24782958984375 0.8079886067708334 0.32335791015625
5 0.513287109375 0.3737099609375 0.6395875651041668 0.375998779296875 0.6420283203125 0.34532958984375 0.5157275390625 0.34441430664062495 0.513287109375 0.3737099609375
6 0.4040706380208334 0.40846484375 0.7413297526041666 0.4131083984375 0.7463636067708335 0.381457763671875 0.4071214192708333 0.378711181640625 0.4040706380208334 0.40846484375
9 0.5364726562500001 0.44508447265625 0.6035888671874999 0.448288818359375 0.6035888671874999 0.421739501953125 0.5389134114583333 0.420823974609375 0.5364726562500001 0.44508447265625
7 0.7158561197916667 0.714171875 0.7779388020833333 0.45200537109375 0.3485472005208334 0.45237451171875 0.3357340494791667 0.72195361328125 0.7158561197916667 0.714171875
8 0.38698632812499995 0.75352099609375 0.6696373697916668 0.746020263671875 0.6725358072916667 0.725598388671875 0.3912574869791666 0.7320068359375 0.38698632812499995 0.75352099609375
1 0.6698505859374999 0.77664208984375 0.6727822265625 0.75025048828125 0.38366178385416666 0.756848388671875 0.38292871093749997 0.785439208984375 0.6698505859374999 0.77664208984375
2 0.24822591145833334 0.8329345703125 0.476458984375 0.822508056640625 0.47602604166666673 0.808520263671875 0.24684114583333336 0.8173510742187499 0.24822591145833334 0.8329345703125
10 0.5126722005208334 0.835350830078125 0.5120276692708333 0.820378662109375 0.2466940104166667 0.83278515625 0.2474833984375 0.8464038085937499 0.5126722005208334 0.835350830078125
0 0.8059117838541666 0.8417138671875 0.8198753255208333 0.7858874511718749 0.6344700520833334 0.789916748046875 0.6232216796875 0.84840673828125 0.8059117838541666 0.8417138671875