4 0.07249641927083333 0.21685693359375 0.515689453125 0.178568115234375 0.49652246093749997 0.112775146484375 0.0479833984375 0.14994726562500002 0.07249641927083333 0.21685693359375
3 0.6924973958333333 0.17567431640625 0.8025458984374999 0.17172265625 0.7842913411458333 0.083722412109375 0.683630859375 0.091939453125 0.6924973958333333 0.17567431640625
5 0.19297623697916666 0.27875 0.68584765625 0.24311083984375 0.6842828776041666 0.214579345703125 0.18410970052083334 0.25057763671875 0.19297623697916666 0.27875
6 0.5956181640625 0.279141357421875 0.5919674479166667 0.253867919921875 0.28059765625 0.275228515625 0.2863349609375 0.302618408203125 0.5956181640625 0.279141357421875
9 0.476703125 0.32179150390625 0.4641858723958333 0.296896484375 0.40264225260416664 0.3018359375 0.40994401041666667 0.32648681640625 0.476703125 0.32179150390625
7 0.7541276041666666 0.664482177734375 0.7356731770833334 0.313618896484375 0.17139811197916666 0.347837890625 0.2686643880208333 0.685982666015625 0.7541276041666666 0.664482177734375
8 0.40919075520833337 0.698156982421875 0.6108883463541667 0.689509765625 0.6039332682291666 0.67450244140625 0.40687239583333334 0.6838947753906249 0.40919075520833337 0.698156982421875
1 0.6171178385416667 0.714190185546875 0.6111604817708333 0.691873046875 0.4096044921875 0.700530517578125 0.4162985026041667 0.722225341796875 0.6171178385416667 0.714190185546875
2 0.2630595703125 0.7624628906249998 0.4453623046875 0.75445751953125 0.44088476562499995 0.7375087890625 0.2592216796875 0.74662646484375 0.2630595703125 0.7624628906249998
10 0.47830468750000005 0.777579345703125 0.47414713541666664 0.759343505859375 0.2608209635416667 0.7665417480468751 0.2659381510416666 0.785257568359375 0.47830468750000005 0.777579345703125
0 0.6145582682291667 0.78824462890625 0.8389332682291667 0.779896484375 0.8393291015625001 0.7101650390625 0.6054567057291668 0.719962158203125 0.6145582682291667 0.78824462890625