4 0.8337675060612492 0.2257742775487866 0.45531721468064706 0.2051160752809428 0.455800526492247 0.2531871576509991 0.8373173847213858 0.27306783049225125 0.8337675060612492 0.2257742775487866
3 0.32247661195034893 0.24848466621002482 0.32488838805468123 0.19085651299617523 0.23376779589642085 0.18590658177052152 0.22752981829200086 0.2442203024401569 0.32247661195034893 0.24848466621002482
5 0.7848492149986757 0.29560952798955686 0.25954963985988827 0.2646425896215946 0.25769047398643513 0.29099273719030777 0.7844735264032735 0.32006081562866506 0.7848492149986757 0.29560952798955686
6 0.6668113951233785 0.33537199580003163 0.665769327712398 0.315033296817191 0.38150182774639707 0.2991923745448499 0.3799101510491094 0.31903667334311586 0.6668113951233785 0.33537199580003163
9 0.5554460411632861 0.3547053654555491 0.5557171001232369 0.3370637849603488 0.4987980582661323 0.3346357492795615 0.4961663412521652 0.3516372821161085 0.5554460411632861 0.3547053654555491
7 0.2230999749635891 0.7267141586182873 0.8060180678818497 0.7528948720522323 0.7793985469106892 0.37032978128416233 0.2704857081994882 0.3442675220575603 0.2230999749635891 0.7267141586182873
8 0.6402379358773255 0.7582513079079901 0.39378912803708854 0.7453163532224981 0.39320828980417766 0.7651098888200869 0.6418558778633506 0.7790595886938467 0.6402379358773255 0.7582513079079901
1 0.6431432693228778 0.821402607348052 0.6412678093900203 0.7813140014369379 0.3921191981883863 0.7684293704639862 0.38920627751727854 0.8093753540803826 0.6431432693228778 0.821402607348052
2 0.8603457825189788 0.8563077116980464 0.6080413139586954 0.8426299209382122 0.6076659550630628 0.873423600340106 0.8622248659043803 0.8868904810565194 0.8603457825189788 0.8563077116980464
10 0.8679848138987933 0.9196786946330087 0.8641138470227281 0.8913524546235025 0.5796901306492396 0.8787633254207007 0.5788377036300646 0.9087447946192377 0.8679848138987933 0.9196786946330087
0 0.38003615105191596 0.9257749163542631 0.3855307970458582 0.8253674000422053 0.11434371539345661 0.8126332413226818 0.10164525243586493 0.9103109349644133 0.38003615105191596 0.9257749163542631