4 0.14898609436457397 0.9021782131779703 0.5427965780901076 0.8870214588692305 0.5486940185723709 0.832652798240631 0.15787195479617153 0.8373569908595276 0.14898609436457397 0.9021782131779703
3 0.6729976015949417 0.894618539874087 0.7569044356576123 0.8889005050008232 0.7545532058037462 0.8201494706810644 0.6743692932267668 0.8217783251416073 0.6729976015949417 0.894618539874087
5 0.26272605990941905 0.7928852526261534 0.6708825056376111 0.795121305379695 0.6720038912881242 0.7649602094536107 0.2641874162696392 0.764968437581529 0.26272605990941905 0.7928852526261534
6 0.33871828865451403 0.7401740503463096 0.3368869921924065 0.7634957797226983 0.61031088616597 0.7630979717272424 0.6102211606420412 0.7414938820262643 0.33871828865451403 0.7401740503463096
9 0.4576227143657677 0.7070931184903052 0.4578109602635855 0.726808918297362 0.5061196152556567 0.7278762253621716 0.5075860484258942 0.708601289561526 0.4576227143657677 0.7070931184903052
7 0.25641800295846984 0.31354355131786127 0.22463386566118457 0.6973172032812022 0.7067482969294233 0.7066202254097171 0.7057572754695774 0.3680983432254981 0.25641800295846984 0.31354355131786127
8 0.3937087536679718 0.32592291206507484 0.5846317870988028 0.34665429758142685 0.5862459532244826 0.3309262736465733 0.39464005514323536 0.3081319257297491 0.3937087536679718 0.32592291206507484
1 0.39652029990615045 0.2782523916479964 0.39572423763769743 0.3055512074656208 0.5872372882498053 0.3270964157621191 0.5882046709568365 0.3025704804120767 0.39652029990615045 0.2782523916479964
2 0.23343821970897807 0.23194091511293594 0.42510823871985504 0.2596430918338507 0.42759868636510356 0.2395712718605646 0.23607182775115354 0.21096910101113467 0.23343821970897807 0.23194091511293594
10 0.2377813907937824 0.18564388605971513 0.23632803883381553 0.20607460874233574 0.4497530553013856 0.23807787099913422 0.4532997805660922 0.21983336467769077 0.2377813907937824 0.18564388605971513
0 0.5838374059343501 0.29319380460799993 0.7636993670291852 0.31909738654316616 0.7601990401885255 0.24661005996507163 0.5891685077829331 0.22068457833344976 0.5838374059343501 0.29319380460799993