4 0.37407752962596375 0.8241545689020178 0.37550375348967074 0.8896528134523233 0.7646594701258019 0.8605628305288968 0.7579998619860928 0.7986667874414586 0.37407752962596375 0.8241545689020178
3 0.09189733614790067 0.8332339777943586 0.09374520853500261 0.9267629677425574 0.20681909167947984 0.9152865761638659 0.20725431828567373 0.8240369097954505 0.09189733614790067 0.8332339777943586
5 0.1782614791906902 0.7619997195292787 0.179208375831833 0.7923820356218764 0.7077820471590889 0.7646398186225385 0.7035485258095625 0.7366052987601854 0.1782614791906902 0.7619997195292787
6 0.31205647510856493 0.7521231480101949 0.5981780009825214 0.7387003330051704 0.5977448697346723 0.7149880428042918 0.31164298071952357 0.7243620409493879 0.31205647510856493 0.7521231480101949
9 0.4347907449256487 0.6840418662505963 0.43594130525040237 0.7072137627461201 0.4863984989537847 0.7048389223699715 0.4865027227445414 0.6829873489623242 0.4347907449256487 0.6840418662505963
7 0.18601570591450647 0.6834634730092247 0.701642643063156 0.6715503962259673 0.6862546899506984 0.310938706338084 0.20974834203338968 0.2727477816408968 0.18601570591450647 0.6834634730092247
8 0.358255418028017 0.25877531533863124 0.35703880445257596 0.2785946839372664 0.5608779860385389 0.29380834201463474 0.5601175564525926 0.2768151765539225 0.358255418028017 0.25877531533863124
1 0.3574968991990647 0.25605518057394905 0.5618105996944914 0.27463312366852805 0.5596996510210753 0.24677116321842088 0.36008719607085227 0.22757435569134898 0.3574968991990647 0.25605518057394905
2 0.5365031433371767 0.2041076479820073 0.536757883927214 0.22454465072653865 0.7097216055820667 0.24053437807420966 0.7084069985753362 0.2208395113053454 0.5365031433371767 0.2041076479820073
10 0.5020093546759509 0.19337574521274892 0.7088487384995367 0.21756284366775752 0.7071298150348232 0.1965061617932498 0.5032369356969301 0.17439641708792783 0.5020093546759509 0.19337574521274892
0 0.11759407259385694 0.1918589038918386 0.35368992733904653 0.21318693182682655 0.3574331375180505 0.1377701974899981 0.1240905648097756 0.1107099282246618 0.11759407259385694 0.1918589038918386