4 0.13662337239583333 0.175984130859375 0.608763671875 0.179980224609375 0.6005849609375 0.11295141601562499 0.12323990885416666 0.10793115234375 0.13662337239583333 0.175984130859375
3 0.7515208333333333 0.1932763671875 0.869927734375 0.194618408203125 0.8779205729166668 0.10569970703125 0.7589560546874999 0.10402636718750001 0.7515208333333333 0.1932763671875
5 0.383474609375 0.244594970703125 0.6319986979166666 0.24620068359375 0.6310693359375 0.21949365234375 0.38050065104166664 0.2183779296875 0.383474609375 0.244594970703125
6 0.35197526041666666 0.269417724609375 0.6606914062499999 0.2709853515625 0.663267578125 0.24719140625 0.3511165364583334 0.24719140625 0.35197526041666666 0.269417724609375
9 0.5364879557291666 0.307579833984375 0.5364879557291666 0.284479736328125 0.47342708333333333 0.28357177734375 0.4709173177083333 0.30546142578125 0.5364879557291666 0.307579833984375
7 0.73118359375 0.621905029296875 0.7743577473958334 0.313504638671875 0.23009960937499999 0.309852294921875 0.28046972656249997 0.616997314453125 0.73118359375 0.621905029296875
8 0.40966764322916666 0.63245166015625 0.5954436848958333 0.6355888671875 0.5951188151041668 0.622903564453125 0.408109375 0.62153955078125 0.40966764322916666 0.63245166015625
1 0.5956383463541667 0.658173095703125 0.5944694010416667 0.63802392578125 0.408109375 0.6351796875 0.4117457682291667 0.654276123046875 0.5956383463541667 0.658173095703125
2 0.2606263020833333 0.682163330078125 0.4337633463541667 0.684535400390625 0.43425423177083333 0.6711086425781251 0.2581705729166667 0.669450439453125 0.2606263020833333 0.682163330078125
10 0.4595494791666667 0.704640869140625 0.4583216145833333 0.68914013671875 0.26160872395833334 0.68584814453125 0.26455566406250003 0.700218994140625 0.4595494791666667 0.704640869140625
0 0.5944368489583333 0.718779541015625 0.7926233723958332 0.722524169921875 0.8031832682291666 0.66958642578125 0.5934544270833334 0.665901611328125 0.5944368489583333 0.718779541015625