4 0.9005735852547304 0.8794653793531216 0.4357532064792308 0.8788165392331645 0.4563296168760729 0.947327354817233 0.9029069322774835 0.9461434227960228 0.9005735852547304 0.8794653793531216
3 0.22904193316457633 0.8698630293257595 0.11749494556625496 0.8659082615192281 0.1405544188966152 0.952195361731569 0.2358305825909539 0.9522357293980318 0.22904193316457633 0.8698630293257595
5 0.7387755884384781 0.7999461194509843 0.29221271317123076 0.8004951203054 0.29899164156312946 0.8409764871263091 0.7426347812624191 0.8418516510411238 0.7387755884384781 0.7999461194509843
6 0.2870013989076292 0.7572627771245862 0.2922910074432169 0.7922418009801329 0.745302335441667 0.7930831241908665 0.7454190344413116 0.7582270550904467 0.2870013989076292 0.7572627771245862
9 0.47531155802638886 0.71274379531686 0.4760161583915153 0.7412122449728087 0.5584898582975775 0.7420243620333865 0.5577723957923305 0.714121459313634 0.47531155802638886 0.71274379531686
7 0.21988922770668415 0.2863418453589898 0.23719109114986459 0.7007674049337967 0.7978435683259124 0.702473883251141 0.7992686031706241 0.2859724825177792 0.21988922770668415 0.2863418453589898
8 0.7184039876637224 0.2188287075355708 0.28163230039737264 0.22084798516934484 0.2853795728959855 0.25339890255909364 0.7205045511538102 0.25271944305344074 0.7184039876637224 0.2188287075355708
1 0.2746502142876197 0.15691502543712535 0.27916645954566677 0.21087989084834613 0.7221484409872211 0.21203996545575177 0.7234345805655938 0.15548854467719928 0.2746502142876197 0.15691502543712535
2 0.9313042097909573 0.07619678857060982 0.5838013074485681 0.07573725818758825 0.5845880641885034 0.10426979245641307 0.9335859704796059 0.10215941410981827 0.9313042097909573 0.07619678857060982
10 0.5206060622431429 0.044647150038707575 0.5255389738763451 0.0724298047811251 0.9327872042985982 0.07411582207675017 0.9326346933211658 0.049258641252923 0.5206060622431429 0.044647150038707575
0 0.028278496054668194 0.011223344701555307 0.025448270870808434 0.1198669537325874 0.312353012360127 0.11709623382608801 0.3061697244134287 0.010139657648402937 0.028278496054668194 0.011223344701555307