4 0.4304787082193102 0.9006453597351488 0.4539620612017306 0.968008735044875 0.8999323431820272 0.9444101890364391 0.8947477770232966 0.8779607837951658 0.4304787082193102 0.9006453597351488
3 0.11206440685869469 0.9037341033835842 0.1387886358319096 0.9887193932987529 0.23394783033734204 0.9839771686696687 0.2236417090018898 0.9020829949152331 0.11206440685869469 0.9037341033835842
5 0.28376452482761944 0.8296601482718005 0.2922677960464859 0.8697335358738999 0.7353956965342208 0.8483379273574384 0.7297475626295603 0.8066961964135971 0.28376452482761944 0.8296601482718005
6 0.283489441638914 0.8214167017177635 0.735972410796397 0.7995170593364975 0.7345969647891797 0.7647134257108736 0.2767091603641552 0.7867616963897947 0.283489441638914 0.8214167017177635
9 0.4648014047731692 0.7612501380503176 0.5472071194908555 0.7579210103196794 0.5452961786061967 0.7301007865300789 0.462879102002015 0.7328646675124689 0.4648014047731692 0.7612501380503176
7 0.2245426463285271 0.7328611075688768 0.7845696955929605 0.7064219702994168 0.7681647849127812 0.29054559553936826 0.18952302325849826 0.3199971260615196 0.2245426463285271 0.7328611075688768
8 0.24838573749480602 0.25151351511575515 0.25352167011530224 0.28382189453459583 0.6880754762592651 0.26130184398144835 0.6845268507807126 0.22757322820916956 0.24838573749480602 0.25151351511575515
1 0.24549628848666957 0.24168586789941582 0.6879760498863113 0.22060788138504714 0.68683992698842 0.16408647766408496 0.23867572592182498 0.18803795288195918 0.24549628848666957 0.24168586789941582
2 0.5439668911985218 0.09147766138540551 0.54597399110764 0.11992298540290054 0.8944467743691087 0.10029768197772812 0.8910565368998149 0.07449301265472406 0.5439668911985218 0.09147766138540551
10 0.4856355679294631 0.09110030143761688 0.8924486089507062 0.07234108531941291 0.8912322866309886 0.047533131196478534 0.47951957677969015 0.06361172508599912 0.4856355679294631 0.09110030143761688
0 0 0.16285354047101175 0.27462712612604406 0.1463932078273359 0.26387330944947707 0.039925885089402056 0 0.054218880437450906 0 0.16285354047101175