4 0.10170222222222224 0.048183246073298436 0.10554933333333334 0.11476178010471205 0.5700604444444445 0.1048462041884817 0.5479413333333333 0.036850785340314135 0.10170222222222224 0.048183246073298436
3 0.7681751111111111 0.02693455497382199 0.776831111111111 0.1090955497382199 0.8883902222222223 0.11051243455497382 0.8633857777777778 0.024809554973821993 0.7681751111111111 0.02693455497382199
5 0.2642328888888889 0.14875981675392674 0.26904177777777777 0.19054842931937174 0.715280888888889 0.17985078534031415 0.7075866666666667 0.13955170157068064 0.2642328888888889 0.14875981675392674
6 0.2633511111111111 0.2323893979057592 0.7214711111111112 0.222934554973822 0.7153902222222221 0.18810013089005237 0.26267555555555555 0.19755497382198953 0.2633511111111111 0.2323893979057592
9 0.4518693333333334 0.27219960732984294 0.534304 0.27170222513089004 0.5329528888888889 0.2432696335078534 0.4505182222222222 0.2443324607329843 0.4518693333333334 0.27219960732984294
7 0.220272 0.7055386125654451 0.7992391111111111 0.6920019633507853 0.7725306666666667 0.2782585078534031 0.2122302222222222 0.28929515706806286 0.220272 0.7055386125654451
8 0.2997368888888889 0.7369784031413614 0.3026062222222222 0.77079777486911 0.7390275555555555 0.7588534031413614 0.7345431111111111 0.7264103403141362 0.2997368888888889 0.7369784031413614
1 0.29901866666666665 0.8342081151832461 0.7474577777777779 0.822583115183246 0.7417182222222223 0.7687585078534033 0.29901866666666665 0.7776668848167541 0.29901866666666665 0.8342081151832461
2 0.09022577777777778 0.8922761780104712 0.093096 0.9181688481675393 0.44036711111111115 0.9107303664921467 0.43893244444444446 0.8822356020942409 0.09022577777777778 0.8922761780104712
10 0.09237866666666666 0.9451184554973823 0.504224888888889 0.9403625654450262 0.498664 0.9127113874345552 0.09166133333333333 0.9202820680628273 0.09237866666666666 0.9451184554973823
0 0.7192959999999999 0.9699725130890052 0.9969688888888889 0.9625739528795813 0.997328 0.8539417539267018 0.7106862222222223 0.8632310209424084 0.7192959999999999 0.9699725130890052