4 0.8797772932243867 0.9372481116504595 0.41548943293043883 0.8963387514482535 0.433146282541766 0.9663612069789601 0.8333127120492835 1 0.8793167703603534 1 0.8797772932243867 0.9372481116504595
3 0.098122864204771 0.855913712525829 0.11750835073415855 0.943857298744622 0.21267927897010871 0.9521503984328645 0.2093814031318162 0.8695151363097795 0.098122864204771 0.855913712525829
5 0.2754169880607047 0.8058932173004983 0.2804766644051388 0.8468018275825329 0.7236007262639029 0.8861022292579736 0.7215178382920325 0.8440279910956922 0.2754169880607047 0.8058932173004983
6 0.2758442156494552 0.797679290874395 0.7283277172700338 0.837757464934623 0.7299182914642075 0.803049229699336 0.27203955641684446 0.7623802883663517 0.2758442156494552 0.797679290874395
9 0.4615276787230662 0.7627657737879368 0.5438774185750191 0.7707186146398408 0.5443407004698787 0.7428638163485588 0.462027724769451 0.7343487773102081 0.4615276787230662 0.7627657737879368
7 0.2246724633787704 0.7017935383786167 0.7846435639428584 0.7520574047759785 0.8036801637385275 0.3373251459820264 0.22491473010979743 0.28750678082702125 0.2246724633787704 0.7017935383786167
8 0.28936033236162456 0.2276199342231084 0.29172701184256705 0.2603668260554076 0.7264079105070125 0.29738089760557734 0.7257428092557937 0.26344212075993106 0.28936033236162456 0.2276199342231084
1 0.2873187041443526 0.21747763345956464 0.7297702777957086 0.25700455005641754 0.7334464801927294 0.20078798487347768 0.285089445767631 0.16333479664579895 0.2873187041443526 0.21747763345956464
2 0.5973374764653916 0.10925667923195798 0.5969167874957458 0.13774462355348366 0.9456247120930483 0.16587303973598905 0.9444433446748617 0.13981535142843163 0.5973374764653916 0.10925667923195798
10 0.5392783179415461 0.10091556814856159 0.946012728162028 0.13787106544680394 0.9469115494659236 0.11309889113707464 0.5355256461970753 0.07281539739330342 0.5392783179415461 0.10091556814856159
0 0.044863349840154436 0.0009969633297812097 0.03772498653089049 0.10484705540105953 0.3244351422931408 0.126939183500922 0.32278157912431266 0.019869619359989703 0.11323255128360277 0.002516278917413395 0.044863349840154436 0.0009969633297812097