4 0.4370740056820452 0.022660711112524604 0.4193776990900751 0.09211749301363295 0.8837651750919533 0.06860937307909867 0.8833109115868075 0.0018807935307042789 0.4370740056820452 0.022660711112524604
3 0.12137111695138657 0.033327242994027895 0.10193654565716964 0.12066530629888438 0.21322093448594187 0.11122845727054177 0.2165624164284015 0.028601224586232696 0.12137111695138657 0.033327242994027895
5 0.2843163533823373 0.13664704618615733 0.279234511839896 0.1774228133765724 0.7254304650323157 0.15600928630164013 0.7275356234074125 0.1139543188021338 0.2843163533823373 0.13664704618615733
6 0.7322382258038034 0.16254468580452344 0.2796575323306085 0.18566433335296106 0.275833841959836 0.2208698120495082 0.7338109865488903 0.19736144551229043 0.7322382258038034 0.16254468580452344
9 0.5477218942935926 0.22274172600249495 0.4653541227921401 0.2276091242979159 0.46583944897098034 0.256084808093353 0.5481707430049442 0.25065304010509815 0.5477218942935926 0.22274172600249495
7 0.7885189237475436 0.2504826781608606 0.22842719687815902 0.2797604482085703 0.2284536764256024 0.6946377786784669 0.8073426739869002 0.6665128601235827 0.7885189237475436 0.2504826781608606
8 0.29526308732646356 0.7243281732983604 0.29287894878172344 0.7570320318415763 0.7293536848338749 0.7375688969486897 0.7300365791008651 0.7036074959510422 0.29526308732646356 0.7243281732983604
1 0.7333784788819501 0.7441669482185878 0.2908316924754255 0.7671117960778412 0.2885738517171998 0.8212467968620191 0.7370260145343591 0.8006006514736507 0.7333784788819501 0.7441669482185878
2 0.6004404524682155 0.8585985577250841 0.6008463712253268 0.8871423048703704 0.9480266997468689 0.869592995552542 0.9492218414955955 0.843543157621645 0.6004404524682155 0.8585985577250841
10 0.9495953350140359 0.8715990240601992 0.5427730754521491 0.8933119192345367 0.5390051316618253 0.9213104173086489 0.9504814025221822 0.8964397652602157 0.9495953350140359 0.8715990240601992
0 0.3279072232393953 0.8591730119826484 0.041137203826717886 0.8705149595192984 0.04850370496041795 0.9789147424147012 0.3261976019187958 0.9663306721400674 0.3279072232393953 0.8591730119826484