4 0.5472375383527041 0.12378814922003567 0.5443520803129649 0.06317686520884068 0.06088019868147055 0.08262919222850516 0.0637656567212098 0.14324047623970015 0.5472375383527041 0.12378814922003567
3 0.8884873556761802 0.12109491298329755 0.8840055665066833 0.026951455518489226 0.764360334019625 0.03176534082827852 0.7688421231891219 0.12590879829308685 0.8884873556761802 0.12109491298329755
5 0.6777823588256922 0.1686179613948458 0.6758048494539113 0.12707884333557332 0.2743414116880135 0.14323158845801529 0.2763189210597943 0.18477070651728777 0.6777823588256922 0.1686179613948458
6 0.7323080351269344 0.20714539726490155 0.7306071037873755 0.17141601527920364 0.23798103451341301 0.19123665793083358 0.2396819658529719 0.22696603991653153 0.7323080351269344 0.20714539726490155
9 0.535054982861256 0.2607711276837531 0.5333630037919053 0.2252297950769273 0.42072726355679424 0.2297616558456687 0.42241924262614494 0.2653029884524945 0.535054982861256 0.2607711276837531
7 0.8275121722859564 0.7407085674449123 0.8055046650814918 0.27842381016292467 0.15789819902054447 0.3044800364637308 0.17990570622500904 0.7667647937457185 0.8275121722859564 0.7407085674449123
8 0.7314383324659857 0.7980923000669629 0.7296488207685771 0.7605022189640045 0.27401874698110373 0.7788343402973052 0.2758082586785122 0.8164244214002637 0.7314383324659857 0.7980923000669629
1 0.7353344866660846 0.8558516499446759 0.7329527116185859 0.8058206178289689 0.2743540655527694 0.8242721786600642 0.27673584060026807 0.8743032107757713 0.7353344866660846 0.8558516499446759
2 0.41277148828742405 0.9502525459779071 0.4117645934750591 0.9291019395226615 0.08785020245178392 0.9421345250771671 0.08885709726414882 0.9632851315324125 0.41277148828742405 0.9502525459779071
10 0.47959721876796607 0.9766036999775755 0.47837122892155826 0.9508508324078287 0.08950133786951298 0.966496880453724 0.09072732771592079 0.9922497480234705 0.47959721876796607 0.9766036999775755
0 0.981102749951836 0.8800058817970078 0.6981709584643021 0.8913895463727068 0.7032563191146787 0.9982114909077865 0.9787222537128942 0.987128212549385 0.981102749951836 0.8800058817970078