4 0.5768848167539268 0.11192079207920792 0.5768848167539268 0.051287128712871284 0.09298429319371727 0.051287128712871284 0.09298429319371727 0.11192079207920792 0.5768848167539268 0.11192079207920792
3 0.9179123036649215 0.12294059405940594 0.9179123036649215 0.02876237623762376 0.798160994764398 0.02876237623762376 0.798160994764398 0.12294059405940594 0.9179123036649215 0.12294059405940594
5 0.7051636125654451 0.16192574257425743 0.7051636125654451 0.12037128712871288 0.30334424083769634 0.12037128712871288 0.30334424083769634 0.16192574257425743 0.7051636125654451 0.16192574257425743
6 0.757801047120419 0.2025841584158416 0.757801047120419 0.16684158415841582 0.264738219895288 0.16684158415841582 0.264738219895288 0.2025841584158416 0.757801047120419 0.2025841584158416
9 0.5582002617801047 0.24820297029702967 0.5582002617801047 0.21264851485148512 0.44546465968586385 0.21264851485148512 0.44546465968586385 0.24820297029702967 0.5582002617801047 0.24820297029702967
7 0.8275327225130892 0.7391485148514851 0.8275327225130892 0.2766930693069307 0.17935209424083773 0.2766930693069307 0.17935209424083773 0.7391485148514851 0.8275327225130892 0.7391485148514851
8 0.7288285340314138 0.7925841584158415 0.7288285340314138 0.754980198019802 0.272794502617801 0.754980198019802 0.272794502617801 0.7925841584158415 0.7288285340314138 0.7925841584158415
1 0.7299738219895289 0.850410891089109 0.7299738219895289 0.800361386138614 0.2709685863874346 0.800361386138614 0.2709685863874346 0.850410891089109 0.7299738219895289 0.850410891089109
2 0.4032526178010472 0.9317079207920792 0.4032526178010472 0.9105495049504951 0.07905104712041887 0.9105495049504951 0.07905104712041887 0.9317079207920792 0.4032526178010472 0.9317079207920792
10 0.46875654450261783 0.9607029702970296 0.46875654450261783 0.9349405940594059 0.07954188481675392 0.9349405940594059 0.07954188481675392 0.9607029702970296 0.46875654450261783 0.9607029702970296
0 0.9949149214659686 0.9912623762376239 0.9949149214659686 0.88440099009901 0.6911583769633509 0.88440099009901 0.6911583769633509 0.9912623762376239 0.9949149214659686 0.9912623762376239