4 0.4766446395286611 0.9400021690441618 0.9580789649913561 0.8835442258387873 0.9518995347440936 0.8232978717774727 0.4704652092813984 0.8797558149828474 0.4766446395286611 0.9400021690441618
3 0.13905048580548926 0.9963189430817578 0.20663402905450698 0.9943164677262314 0.2587917868778272 0.9881999123142785 0.2491936907785518 0.8946232761563389 0.13005269419596596 0.908594975436457 0.13905048580548926 0.9963189430817578
5 0.3419789608120884 0.8863259226552717 0.7417504608764453 0.8394446027076983 0.7375154725113632 0.7981555844197595 0.3377439724470065 0.8450369043673329 0.3419789608120884 0.8863259226552717
6 0.2848738104996512 0.8462938112176333 0.7754237439640744 0.78876687801378 0.7717810687203417 0.753252616393704 0.2812311352559187 0.8107795495975573 0.2848738104996512 0.8462938112176333
9 0.47878895491282947 0.7774915340771484 0.5909500002255206 0.7643383757101511 0.587326496956755 0.7290110312564965 0.4751654516440639 0.7421641896234938 0.47878895491282947 0.7774915340771484
7 0.2043020981285062 0.7452798012258145 0.8491792750621853 0.6696548673477147 0.8020485062853817 0.21015344581017778 0.1571713293517026 0.2857783796882775 0.2043020981285062 0.7452798012258145
8 0.25375899907343313 0.25853174793131656 0.7074688539137297 0.20532506144988702 0.7036364770229552 0.16796130365679882 0.24992662218265857 0.22116799013822838 0.25375899907343313 0.25853174793131656
1 0.24799456137525372 0.21357406471835125 0.704660477667539 0.16002072005170068 0.6995597232749995 0.11029091603799325 0.24289380698271404 0.16384426070464378 0.24799456137525372 0.21357406471835125
2 0.5618208994942042 0.06597037414191548 0.8843701774867788 0.028144926610026967 0.882213834828647 0.0071216642604141666 0.5596645568360722 0.04494711179230268 0.5618208994942042 0.06597037414191548
10 0.49153946399908394 0.023779788724235244 0.49416501551825076 0.049377602778373095 0.881396043431659 0.003966907642992686 0.8809891602358351 0 0.6943170696665852 0 0.49153946399908394 0.023779788724235244
0 0.002338888775263289 0.157874992330272 0.27804735600603253 0.12554258028384058 0.2671566651734548 0.019363792010854326 0.0007497098230659498 0.05060541305695162 0.002338888775263289 0.157874992330272