4 0.6179358718568364 0.06747679736693349 0.12057468121087887 0.016693749593925892 0.11568532138506607 0.0915104929370233 0.6130465120310236 0.14229354071003092 0.6179358718568364 0.06747679736693349
3 0.9681247406501581 0.09038491196526124 0.8336405802426564 0.076653411254848 0.8273959997536883 0.17220767446573385 0.9618801601611898 0.1859391751761471 0.9681247406501581 0.09038491196526124
5 0.7015950777839249 0.19059211234810522 0.3452902513861072 0.15421161993933227 0.3425834673269534 0.19563069635292696 0.698888293724771 0.2320111887616999 0.7015950777839249 0.19059211234810522
6 0.7734164248954785 0.24879125161165638 0.28638800392410774 0.19906323094144815 0.2841599154994957 0.23315733032228286 0.7711883364708666 0.28288535099249107 0.7734164248954785 0.24879125161165638
9 0.5622891567898728 0.2823815247423497 0.4871569174298476 0.2747101499498015 0.4853384429268131 0.30253635726864797 0.5604706822868382 0.31020773206119623 0.5622891567898728 0.2823815247423497
7 0.8245667242600395 0.3465157601780498 0.22612714727356892 0.28541210714092397 0.19857248378713985 0.7070522112473695 0.7970120607736104 0.7681558642844953 0.8245667242600395 0.3465157601780498
8 0.7285620795769587 0.7922928340242021 0.2637192397521279 0.744830071376586 0.2614440132174931 0.7796454757963 0.726286853042324 0.8271082384439161 0.7285620795769587 0.7922928340242021
1 0.7253548762455941 0.8311507000784474 0.26101285944070485 0.7837390739485687 0.2573291786876303 0.8401065754782545 0.7216711954925196 0.8875182016081331 0.7253548762455941 0.8311507000784474
2 0.4003552189112159 0.9099077374456779 0.04376922871272925 0.8734985368164205 0.042389626268527596 0.8946091454974223 0.3989756164670143 0.9310183461266797 0.4003552189112159 0.9099077374456779
10 0.44690919305914534 0.938829593938244 0.04250778400938319 0.8975382015628695 0.04098351633097363 0.9208624705356057 0.4453849253807358 0.9621538629109799 0.44690919305914534 0.938829593938244
0 0.9801957148445609 0.9511534288774478 0.6789023433213913 0.9203898792328128 0.6736997307935754 1 0.9770035355033662 1 0.9801957148445609 0.9511534288774478