4 0.5843396275901452 0.13612755139500732 0.583845831293849 0.06946505139500732 0.09209252732909122 0.05853720019579048 0.09258632362538753 0.1251997001957905 0.5843396275901452 0.13612755139500732
3 0.9380519357766356 0.1539143156510034 0.9373830931840431 0.06362056565100341 0.7890835337126775 0.06032501988497306 0.7897523763052701 0.15061876988497308 0.9380519357766356 0.1539143156510034
5 0.7155415349159733 0.22337926456191878 0.7152165349159733 0.1795042645619187 0.2782561824930657 0.1697940345080763 0.27858118249306574 0.21366903450807637 0.7155415349159733 0.22337926456191878
6 0.7494812931350955 0.26892298244003915 0.749209950542503 0.23229173244003914 0.254196734683472 0.22129143875428292 0.2544680772760646 0.2579226887542829 0.7494812931350955 0.26892298244003915
9 0.556299610356502 0.31086619401615273 0.5560797492453909 0.28118494401615274 0.4517801897740252 0.2788671760279002 0.4520000508851363 0.30854842602790017 0.556299610356502 0.31086619401615273
7 0.8110920946524719 0.7487508397577094 0.8079607520598793 0.3260195897577092 0.20233079611274268 0.3125611462922173 0.20546213870533528 0.7352923962922174 0.8110920946524719 0.7487508397577094
8 0.7322379747919726 0.8148529796867351 0.7319752896067875 0.7793904796867352 0.27949070810899007 0.769335266764562 0.27975339329417526 0.8047977667645618 0.7322379747919726 0.8148529796867351
1 0.7326437849771579 0.8696373546867352 0.7322954053475281 0.8226061046867352 0.2798108238497308 0.812550891764562 0.28015920347936046 0.8595821417645619 0.7326437849771579 0.8696373546867352
2 0.4302252218959048 0.9431818526676456 0.43005688856257146 0.9204568526676455 0.05434763746124981 0.9121077581987274 0.05451597079458315 0.9348327581987275 0.4302252218959048 0.9431818526676456
10 0.48811161496573663 0.9731353723078807 0.4879237908916626 0.9477791223078808 0.05454053097976833 0.9381483831987275 0.05472835505384241 0.9635046331987276 0.48811161496573663 0.9731353723078807
0 1 1 1 0.9166405936213992 0.7033488789973895 0.9100483464880079 0.7040151875419227 1 1 1