4 0.045992187500000004 0.11462126537785587 0.05208437500000001 0.1769920913884007 0.5637890625 0.18110456942003517 0.5607421875 0.11702021089630932 0.045992187500000004 0.11462126537785587
3 0.9488671875000002 0.19362478031634445 0.9488671875000002 0.10915202108963093 0.7946953125000001 0.10915202108963093 0.7946953125000001 0.19362478031634445 0.9488671875000002 0.19362478031634445
5 0.23000937500000002 0.2155676625659051 0.23000937500000002 0.2509007029876977 0.7428265625 0.25789015817223193 0.7421359375000001 0.21867398945518451 0.23000937500000002 0.2155676625659051
6 0.23073593750000002 0.29346397188049206 0.74184375 0.29806678383128293 0.74184375 0.26274780316344465 0.23073593750000002 0.25664059753954305 0.23073593750000002 0.29346397188049206
9 0.424378125 0.33458347978910363 0.536746875 0.335811072056239 0.5263828125000001 0.30684534270650266 0.42328750000000004 0.30420386643233743 0.424378125 0.33458347978910363
7 0.19898593750000002 0.6536019332161687 0.743365625 0.666055360281195 0.778584375 0.3460509666080843 0.1778546875 0.3349033391915641 0.19898593750000002 0.6536019332161687
8 0.2617453125 0.674268014059754 0.2617453125 0.6987319859402461 0.679484375 0.706463971880492 0.684096875 0.6816810193321616 0.2617453125 0.674268014059754
1 0.26098125 0.7378400702987697 0.6841578125 0.747725834797891 0.6845125000000001 0.7115650263620387 0.25955625000000004 0.7031063268892794 0.26098125 0.7378400702987697
2 0.09184375000000002 0.7685342706502636 0.09247187500000001 0.7851379613356765 0.399953125 0.7900579964850615 0.3983046875 0.7738330404217926 0.09184375000000002 0.7685342706502636
10 0.0934140625 0.7990931458699473 0.46707031250000003 0.8084551845342707 0.4647156250000001 0.7922653778558875 0.0874484375 0.7853145869947276 0.0934140625 0.7990931458699473
0 0.6347015625 0.8224534270650262 0.9041671875 0.8281924428822495 0.91199375 0.7738453427065025 0.6368125 0.7634806678383128 0.6347015625 0.8224534270650262