4 0.9533529461038365 0.9219956045544011 0.9511402912984339 0.8488076577664835 0.3900049810758714 0.8947881949366985 0.39221763588127395 0.9679761417246161 0.9533529461038365 0.9219956045544011
3 0.18283918841800414 0.9939241063514006 0.18018988348815282 0.9062930905429278 0.055806790115976 0.9164852872269635 0.05825955510852706 0.9976153547457556 0.18283918841800414 0.9939241063514006
5 0.6579813364275011 0.8244146479186963 0.657039553487354 0.7932633090198484 0.33945593475877434 0.8192867388763816 0.34039771769892146 0.8504380777752294 0.6579813364275011 0.8244146479186963
6 0.6961417990368789 0.7831589546278015 0.695320711763935 0.7559998643378342 0.2892714429477322 0.7892723445357684 0.29009253022067616 0.8164314348257361 0.6961417990368789 0.7831589546278015
9 0.5325990127865238 0.7487610323323651 0.5319325110971899 0.7267151668616527 0.46051478414811214 0.7325672766625703 0.46118128583744605 0.7546131421332825 0.5325990127865238 0.7487610323323651
7 0.8544144723228612 0.682660246352973 0.8393646739185205 0.1848583108245126 0.12208651791885634 0.2436335016073643 0.13713631632319695 0.7414354371358248 0.8544144723228612 0.682660246352973
8 0.6407998147393895 0.1807142580087246 0.6400283732211819 0.15519729953571007 0.3213740448011927 0.18130846546207785 0.32214548631940043 0.20682542393509237 0.6407998147393895 0.1807142580087246
1 0.6398358879319511 0.1509053514952578 0.6387647882055149 0.1154766033726101 0.3199296906168463 0.14160258188219674 0.3210007903432826 0.17703133000484444 0.6398358879319511 0.1509053514952578
2 0.9013021929441707 0.052399686356254443 0.9005500746239142 0.027521880985646986 0.596663196752975 0.052422972805984 0.5974153150732314 0.07730077817659146 0.9013021929441707 0.052399686356254443
10 0.9013338238532458 0.01632855918006273 0.9008401706422907 0 0.7469264593890087 0 0.5465555044334168 0.016418792356005643 0.5474295075407503 0.04532817883410302 0.9013338238532458 0.01632855918006273
0 0.30824737374687183 0.11437237750227036 0.3050421011267119 0.0083516274999424 0.015658472712137203 0.03206429437433761 0.0188637453322972 0.13808504437666558 0.30824737374687183 0.11437237750227036