4 0.56554083154731 0.0319988551214143 0.011418210350926761 0.05430532696073001 0.015484416066128793 0.12823896612520103 0.569607037262512 0.10593249428588533 0.56554083154731 0.0319988551214143
3 0.7811369951941052 0.023144799857603114 0.7861431379107127 0.11416880974272982 0.9277724147940513 0.10846745528511927 0.9233115190210801 0.027357378341365333 0.7811369951941052 0.023144799857603114
5 0.7519938331687329 0.15289741885708458 0.19628753315023453 0.17526764244681928 0.1980201912103513 0.20677163530511405 0.7537264912288495 0.18440141171537935 0.7519938331687329 0.15289741885708458
6 0.6732819781099565 0.19112271767205055 0.2758555781462033 0.2071213079837971 0.2773751974364098 0.23475173107071992 0.6748015974001631 0.2187531407589734 0.6732819781099565 0.19112271767205055
9 0.5188123960227796 0.242024775422794 0.44334570104114657 0.24506272341845503 0.4448575890856708 0.27255257340883615 0.5203242840673039 0.26951462541317506 0.5188123960227796 0.242024775422794
7 0.8393528369277411 0.2672891770410454 0.11472079588361127 0.29645958734214045 0.1428492152437957 0.8079035606432963 0.8674812562879254 0.7787331503422013 0.8393528369277411 0.2672891770410454
8 0.6590584188074835 0.8009769365635585 0.3540242812367208 0.813256232047041 0.35534761278932847 0.8373176604050988 0.6603817503600913 0.8250383649216165 0.6590584188074835 0.8009769365635585
1 0.6598303141787526 0.8290405453331519 0.3555660204798514 0.8412888503824028 0.3579360767951028 0.8843823140889149 0.6622003704940039 0.8721340090396639 0.6598303141787526 0.8290405453331519
2 0.4004136968888335 0.9154162215212652 0.09953671622612345 0.9275281686598977 0.10105075183889277 0.9550570667326516 0.40192773250160285 0.9429451195940189 0.4004136968888335 0.9154162215212652
10 0.44582007099749843 0.9544095983248221 0.09991822160048267 0.9683340431455062 0.1014498672728615 0.996183135493716 0.4473517166698773 0.9822586906730321 0.44582007099749843 0.9544095983248221
0 0.9652150645674802 0.9897765633389478 0.9594561455615195 0.8850652256483144 0.6801237955413363 0.8963098833489549 0.6858265493852057 1 0.7112512122350518 1 0.9652150645674802 0.9897765633389478