4 0.6357666106873536 0.8667447598006511 0.14065729574678332 0.9101737912616893 0.14943107697315533 0.9850876325581887 0.6445403919137256 0.9416586010971505 0.6357666106873536 0.8667447598006511
3 0.9826044602832064 0.8282543594960338 0.8487291966277568 0.8399973682856083 0.8599348728333468 0.9356756428204572 0.9938101364887963 0.923932634030883 0.9826044602832064 0.8282543594960338
5 0.7170207974272005 0.7782697142611399 0.36232919336632347 0.8093818593307089 0.36718642048973293 0.8508546898556406 0.7218780245506101 0.8197425447860718 0.7170207974272005 0.7782697142611399
6 0.786737609331337 0.728450262309072 0.30191428093583456 0.7709770477008211 0.30591250587468083 0.8051153947610524 0.7907358342701831 0.7625886093693035 0.786737609331337 0.728450262309072
9 0.5744408510653884 0.6979961121577554 0.4996487839336919 0.7045565765612344 0.5029119713495841 0.732418897023488 0.5777040384812806 0.7258584326200089 0.5744408510653884 0.6979961121577554
7 0.7874107159865312 0.24340263624918748 0.1916806619180185 0.2956577210955167 0.24112651941451405 0.7178450341467987 0.8368565734830269 0.6655899493004696 0.7874107159865312 0.24340263624918748
8 0.7135733645322694 0.18338272159180277 0.2508351688121889 0.22397228646913425 0.25491798140248617 0.258832874685482 0.7176561771225666 0.21824330980815054 0.7135733645322694 0.18338272159180277
1 0.7058207601469699 0.12288446119297183 0.24358111989718612 0.16343029475572043 0.25019135317652974 0.21987095061948103 0.7124309934263137 0.17932511705673246 0.7058207601469699 0.12288446119297183
2 0.3806209067553422 0.07458774127489741 0.025649411904123263 0.10572443725791644 0.02812505911685039 0.1268624435080505 0.38309655396806935 0.09572574752503148 0.3806209067553422 0.07458774127489741
10 0.42545091202800933 0.04412974248313242 0.022880489644256936 0.07944162818474958 0.025615733442471835 0.10279616763813809 0.4281861558262242 0.06748428193652094 0.42545091202800933 0.04412974248313242
0 0.6508473808467282 0 0.6613140244868623 0.08936813676265223 0.961243246099891 0.06305953135279355 0.9538578214206628 0 0.6508473808467282 0