4 0.6077709251101321 0.10402187500000001 0.6077709251101321 0.015290625000000002 0.037638766519823764 0.015290625000000002 0.037638766519823764 0.10402187500000001 0.6077709251101321 0.10402187500000001
3 0.9506784140969164 0.1119375 0.9506784140969164 0.006737500000000001 0.8057092511013216 0.006737500000000001 0.8057092511013216 0.1119375 0.9506784140969164 0.1119375
5 0.9897092511013216 0.171265625 0.9897092511013216 0.138884375 0.006132158590308402 0.138884375 0.006132158590308402 0.171265625 0.9897092511013216 0.171265625
6 0.706740088105727 0.20488750000000003 0.706740088105727 0.17845000000000003 0.2960792951541851 0.17845000000000003 0.2960792951541851 0.20488750000000003 0.706740088105727 0.20488750000000003
9 0.5380660792951542 0.258284375 0.5380660792951542 0.228303125 0.4588854625550662 0.228303125 0.4588854625550662 0.258284375 0.5380660792951542 0.258284375
7 0.861466960352423 0.77424375 0.861466960352423 0.26619375 0.13800440528634367 0.26619375 0.13800440528634367 0.77424375 0.861466960352423 0.77424375
8 0.6502466960352423 0.8201375000000001 0.6502466960352423 0.7929500000000002 0.3455594713656388 0.7929500000000002 0.3455594713656388 0.8201375000000001 0.6502466960352423 0.8201375000000001
1 0.6510704845814977 0.85660625 0.6510704845814977 0.8225812499999999 0.3461101321585903 0.8225812499999999 0.3461101321585903 0.85660625 0.6510704845814977 0.85660625
2 0.3870308370044053 0.9186000000000001 0.3870308370044053 0.8969750000000002 0.07571806167400884 0.8969750000000002 0.07571806167400884 0.9186000000000001 0.3870308370044053 0.9186000000000001
10 0.43136563876651984 0.957040625 0.43136563876651984 0.9377218750000001 0.0757180616740088 0.9377218750000001 0.0757180616740088 0.957040625 0.43136563876651984 0.957040625
0 0.9535110132158592 0.994975 0.9535110132158592 0.8880875000000001 0.6649911894273127 0.8880875000000001 0.6649911894273127 0.994975 0.9535110132158592 0.994975