4 0.375814640444941 0.10939723996428387 0.9357570893631322 0.07853769332726973 0.9312345989996955 0.013796068133328822 0.8363083745514471 0.012389753697058473 0.37083024233602796 0.03804318318318523 0.375814640444941 0.10939723996428387
3 0.17985483815387399 0.1243149532379962 0.17343766089909207 0.03244997371453399 0.040083464575377516 0.039799389799426044 0.046500641830159416 0.13166436932288825 0.17985483815387399 0.1243149532379962
5 0.815619082040567 0.16615063372582764 0.8133308187039532 0.13339304324386297 0.17269145253917204 0.16869995815246572 0.17497971587578592 0.2014575486344304 0.815619082040567 0.16615063372582764
6 0.6909579265674992 0.21196139312016807 0.6885650808114788 0.17770665499277538 0.29209040412089543 0.1995571662361473 0.2944832498769158 0.23381190436354002 0.6909579265674992 0.21196139312016807
9 0.5463658035152643 0.2599075968025876 0.5441716643561163 0.22849743920150814 0.4362646840338323 0.2344444083911961 0.43845882319298035 0.2658545659922756 0.5463658035152643 0.2599075968025876
7 0.8843129807751888 0.7491239266596056 0.8496303130274163 0.2526248530063171 0.14364116885081185 0.2915333246930684 0.17832383659858436 0.788032398346357 0.8843129807751888 0.7491239266596056
8 0.6805871492888611 0.8011406792628243 0.6789964506896885 0.7783690635758641 0.38655049075800896 0.7944863444799175 0.3881411893571816 0.8172579601668775 0.6805871492888611 0.8011406792628243
1 0.6829961206960066 0.8451634527176475 0.6802173658123764 0.8053842397786255 0.38826915093695963 0.8214740889585674 0.39104790582058996 0.8612533018975894 0.6829961206960066 0.8451634527176475
2 0.9442967756682212 0.8968531802090527 0.9422804266220642 0.867988173605201 0.6523439313490427 0.8839671529001919 0.6543602803951997 0.9128321595040437 0.9442967756682212 0.8968531802090527
10 0.9462732987711209 0.9346852481500316 0.9442998285169205 0.9064340720808054 0.6184427316836076 0.924392707465848 0.620416201937808 0.9526438835350741 0.9462732987711209 0.9346852481500316
0 0.28582296898295906 1 0.40363830639371645 0.9935069614629021 0.396163800878735 0.8865058192441627 0.09956996547819977 0.9028516978491459 0.10635620630835117 1 0.28582296898295906 1