4 0.5638269798000436 0.8654174935233399 0.07227571711241677 0.8677614018302188 0.07012485389083413 0.9344396026095624 0.5616761165784608 0.9320956943026834 0.5638269798000436 0.8654174935233399
3 0.9176407812497681 0.8538014353258054 0.7694021519890427 0.8545082949778888 0.7664888273160438 0.9448233115407219 0.9147274565767693 0.9441164518886384 0.9176407812497681 0.8538014353258054
5 0.6970719733236699 0.7804252401385694 0.2602911499999008 0.7825079816098788 0.2588755246656133 0.8263933153311419 0.6956563479893824 0.8243105738598325 0.6970719733236699 0.7804252401385694
6 0.7321114643171269 0.7354576244064825 0.23730162909941063 0.7378170708592308 0.23611972310450197 0.7744569484860574 0.7309295583222182 0.7720975020333092 0.7321114643171269 0.7354576244064825
9 0.5401587993858527 0.690125402711812 0.43590209232855287 0.6906225393896497 0.4349444278395883 0.7203107801079229 0.5392011348968881 0.7198136434300854 0.5401587993858527 0.690125402711812
7 0.8055936822734489 0.2565306482128704 0.2002125548522862 0.25941734175045156 0.18657314591564783 0.6822481561243927 0.7919542733368105 0.6793614625868116 0.8055936822734489 0.2565306482128704
8 0.7284591405551853 0.18902728793025805 0.27616046642596265 0.19118402457189612 0.27501627010876223 0.2266548769272302 0.7273149442379849 0.22449814028559217 0.7284591405551853 0.18902728793025805
1 0.7302267564907547 0.1342300097630598 0.27792808236153205 0.13638674640469783 0.2764106207318293 0.18342907350619414 0.7287092948610521 0.1812723368645561 0.7302267564907547 0.1342300097630598
2 0.42992820722661496 0.05537726880047205 0.054373319657394587 0.057168061109395235 0.05364009833040466 0.07989841344707507 0.42919498589962507 0.0781076211381519 0.42992820722661496 0.05537726880047205
10 0.4885036171908838 0.026423741619750363 0.055298416697429305 0.028489433125592448 0.054480298181588234 0.05385165519214016 0.48768549867504274 0.05178596368629808 0.4885036171908838 0.026423741619750363
0 0.9996707818930041 0 0.704974256296049 0 0.7019648803894012 0.09329266915278013 0.9983096029028998 0.09187958183203701 0.9996707818930041 0