4 0.07626126885352111 0.06308429307564357 0.631244066244128 0.09359149336533312 0.6336706992399186 0.01973428759634075 0.27466724986638064 0 0.07833394985329097 0 0.07626126885352111 0.06308429307564357
3 0.9884784597759945 0.13015719752618382 0.9919339831113967 0.02498459892348124 0.8500848521240746 0.017187204355045758 0.8466293287886723 0.12235980295774836 0.9884784597759945 0.13015719752618382
5 0.8081166474030076 0.1890711463702439 0.809150664251536 0.15759972268036154 0.2525817296608848 0.12700533301205308 0.25154771281235627 0.1584767567019354 0.8081166474030076 0.1890711463702439
6 0.7263348840499461 0.21570529884887324 0.7272417634773368 0.18810344039205534 0.3291984301578098 0.16622314473127317 0.3282915507304192 0.19382500318809107 0.7263348840499461 0.21570529884887324
9 0.5677108676124035 0.2514645619668769 0.568613133181769 0.22400313128061378 0.4930292896629767 0.2198483151967029 0.4921270240936113 0.24730974588296603 0.5677108676124035 0.2514645619668769
7 0.8695169129104767 0.7904946199220406 0.8863034100332536 0.2795793829297999 0.16054650743784482 0.23968479287547115 0.1437600103150676 0.7506000298677118 0.8695169129104767 0.7904946199220406
8 0.6587656822459699 0.8168233375863972 0.6595554209446106 0.7927867841931083 0.3540477724693527 0.7759931411002271 0.35325803377071213 0.8000296944935158 0.6587656822459699 0.8168233375863972
1 0.656449898029912 0.8637969515966925 0.6578643018400706 0.8207480383788516 0.35312769228150115 0.8039967790116879 0.3517132884713425 0.8470456922295289 0.656449898029912 0.8637969515966925
2 0.3904813030982115 0.9094235621328763 0.39138485029480624 0.8819231237325703 0.09004081196966549 0.8653583527585637 0.08913726477307081 0.8928587911588698 0.3904813030982115 0.9094235621328763
10 0.4323671819350231 0.9528088879554311 0.4332812384748973 0.9249885862999726 0.0868424383651551 0.9059449728532857 0.08592838182528088 0.9337652745087444 0.4323671819350231 0.9528088879554311
0 0.9493029269939077 0.9864849497784168 0.951983334415854 0.9049038442503777 0.6722173709163201 0.8895252121146662 0.6688951982564222 0.9906391383523053 0.9493029269939077 0.9864849497784168