4 0.07299198909678013 0.8528650714368415 0.07016887246158549 0.9279328593843894 0.5681645834201813 0.9576974562297996 0.5709877000553759 0.8826296682822515 0.07299198909678013 0.8528650714368415
3 0.7864333928059493 0.8874870768935521 0.78282777168452 0.9833619686314152 0.9174835034432078 0.9914101776431073 0.9210891245646371 0.8955352859052441 0.7864333928059493 0.8874870768935521
5 0.3084760045810124 0.78607228352362 0.3069131073148029 0.8276303399995686 0.663672498029444 0.8489534140778479 0.6652353952956533 0.807395357601899 0.3084760045810124 0.78607228352362
6 0.2544351670343987 0.7393962384041243 0.25314866865418156 0.7736047391784266 0.7407984276626783 0.8027509710821307 0.7420849260428953 0.7685424703078284 0.2544351670343987 0.7393962384041243
9 0.4608754564549387 0.7029487406022298 0.4598254691758084 0.7308683176522031 0.5350535602687483 0.735364608992787 0.5361035475478786 0.7074450319428138 0.4608754564549387 0.7029487406022298
7 0.21820099192805464 0.25510590233895736 0.20229092769939122 0.678160803032718 0.8014939781426298 0.7139744392398496 0.8174040423712932 0.2909195385460887 0.21820099192805464 0.25510590233895736
8 0.2879345120288437 0.19316982591024492 0.2866207961012793 0.22810205203377532 0.7520566701829052 0.2559205871026093 0.7533703861104696 0.22098836097907892 0.2879345120288437 0.19316982591024492
1 0.2900538073970026 0.1324794711046458 0.2879268499254235 0.18903611154218936 0.7528612620502843 0.2168246748408897 0.7549882195218633 0.1602680344033461 0.2900538073970026 0.1324794711046458
2 0.08267486923404956 0.04371636305788524 0.08187828670608367 0.06489780754607699 0.43891919992276834 0.08623770788127329 0.4397157824507343 0.06505626339308154 0.08267486923404956 0.04371636305788524
10 0.0839722361703451 0.017424854727284972 0.08309212392810648 0.04082738735621237 0.488009457648566 0.06502880300838422 0.4888895698908046 0.04162627037945683 0.0839722361703451 0.017424854727284972
0 0.7197834239647993 0.019634139946115334 0.715981179527189 0.12073732343099017 1 0.13771278225895775 1 0.03638234325701164 0.7197834239647993 0.019634139946115334