4 0.9104991230377567 0.9491065827508237 0.9084896360516131 0.8824320681848233 0.41683834335707104 0.8936179476381911 0.41884783034321454 0.9602924622041916 0.9104991230377567 0.9491065827508237
3 0.21396428926752062 0.9786688940981918 0.21124245741970368 0.8883588704778085 0.06297366180149794 0.8917322306196921 0.06569549364931491 0.9820422542400754 0.21396428926752062 0.9786688940981918
5 0.7219379598595097 0.8461663733561168 0.7206153835757363 0.8022834657756439 0.2837456759542465 0.8122229736319126 0.28506825223801996 0.8561058812123853 0.7219379598595097 0.8461663733561168
6 0.7448091003999743 0.7935603218131932 0.7437048810838496 0.7569224697720037 0.24879435274418288 0.768182502222787 0.24989857206030772 0.8048203542639766 0.7448091003999743 0.7935603218131932
9 0.5460570964066972 0.7448424394063059 0.5451623792027598 0.7151558399619091 0.4408844560487484 0.7175283350521904 0.4417791732526857 0.7472149344965873 0.5460570964066972 0.7448424394063059
7 0.794562406421315 0.6999107954655863 0.7818195158079839 0.27710335671623654 0.17631519415875369 0.29087958074148196 0.18905808477208486 0.7136870194908319 0.794562406421315 0.6999107954655863
8 0.7070695106255026 0.24637285482615123 0.7060005223300426 0.21090396342848725 0.2536098060417707 0.2211965998832586 0.25467879433723084 0.2566654912809226 0.7070695106255026 0.24637285482615123
1 0.7057668106662219 0.20314944108467278 0.7043490917865358 0.15610971465403778 0.2519583754982641 0.16640235110880913 0.25337609437795 0.21344207753944414 0.7057668106662219 0.20314944108467278
2 0.9288051532919207 0.09339999884782385 0.9281201266013509 0.07067090312665589 0.5524888141282553 0.07921713628554004 0.5531738408188251 0.101946232006708 0.9288051532919207 0.09339999884782385
10 0.9280201797753478 0.06735468055237642 0.9272558361879876 0.041993860601667245 0.49396247903114826 0.05185200057428539 0.4947268226185085 0.07721282052499456 0.9280201797753478 0.06735468055237642
0 0.2803133701275538 0.12465291012290303 0.2772290544093693 0.02231571923972361 0 0.028623138399752137 0 0.13103050256292162 0.2803133701275538 0.12465291012290303