4 0.02383792794140422 0.8716323181340444 0.019225197986398386 0.9456041739962548 0.573061093784707 0.9638102816103836 0.5776738237397129 0.8898384257481731 0.02383792794140422 0.8716323181340444
3 0.7942234031453359 0.879997939490121 0.7885444026015125 0.971069000177996 0.9307189264284874 0.9658032770732933 0.9357793953273467 0.884651273892319 0.7942234031453359 0.879997939490121
5 0.2069151261777515 0.7917395110183649 0.20494958771377203 0.823259788460866 0.760368342874886 0.8415179290113137 0.7623338813388655 0.8099976515688126 0.2069151261777515 0.7917395110183649
6 0.2864598923392816 0.7631687891335219 0.28473602642813645 0.7908134945354973 0.6819567819399651 0.803871232172726 0.6836806478511103 0.7762265267707507 0.2864598923392816 0.7631687891335219
9 0.45418542467570583 0.7241237344026386 0.452470329139462 0.7516277940450785 0.5278979746087087 0.7541073079966147 0.5296130701449525 0.7266032483541748 0.45418542467570583 0.7241237344026386
7 0.15620712908601195 0.19095014137067828 0.12429806898002511 0.702658482826292 0.8485551561737285 0.7264668032507701 0.8804642162797153 0.21475846179515642 0.15620712908601195 0.19095014137067828
8 0.36887669483631963 0.15995944357957897 0.3673754989990563 0.18403330942002152 0.6722517996016539 0.19405543109880435 0.6737529954389174 0.1699815652583618 0.36887669483631963 0.15995944357957897
1 0.3718130650775622 0.11287046192186147 0.36912445792727994 0.1559862008727092 0.6732313130062916 0.1659830287630036 0.6759199201565738 0.12286728981215589 0.3718130650775622 0.11287046192186147
2 0.11550738323585495 0.044089976231659604 0.11378985148436077 0.07163310414063721 0.4145111462595939 0.08151863936158266 0.41622867801108815 0.05397551145260504 0.11550738323585495 0.044089976231659604
10 0.1162109149930293 0.0029564411885183105 0.11447340627648225 0.030819928883103833 0.4601962721025892 0.04218478939078623 0.4619337808191362 0.014321301696200708 0.1162109149930293 0.0029564411885183105
0 0.8894436359111357 0 0.7001641642505061 0 0.6940184150953977 0.09855605576338101 0.9732062272891308 0.10773372624648622 0.9797391821044598 0.0029682626993734226 0.8894436359111357 0