4 0.5962474012474013 0.09613193403298351 0.5962474012474013 0.024677661169415294 0.03493762993762995 0.024677661169415294 0.03493762993762995 0.09613193403298351 0.5962474012474013 0.09613193403298351
3 0.9266528066528067 0.10023988005997 0.9266528066528067 0.008245877061469266 0.792972972972973 0.008245877061469266 0.792972972972973 0.10023988005997 0.9266528066528067 0.10023988005997
5 0.8032224532224533 0.17692653673163417 0.8032224532224533 0.14412293853073463 0.16101871101871107 0.14412293853073463 0.16101871101871107 0.17692653673163417 0.8032224532224533 0.17692653673163417
6 0.6861434511434511 0.21577211394302845 0.6861434511434511 0.1814692653673163 0.2887006237006237 0.1814692653673163 0.2887006237006237 0.21577211394302845 0.6861434511434511 0.21577211394302845
9 0.5446049896049896 0.25565217391304346 0.5446049896049896 0.22419790104947523 0.43643451143451145 0.22419790104947523 0.43643451143451145 0.25565217391304346 0.5446049896049896 0.25565217391304346
7 0.8408004158004159 0.7622563718140929 0.8408004158004159 0.2650599700149925 0.13308731808731805 0.2650599700149925 0.13308731808731805 0.7622563718140929 0.8408004158004159 0.7622563718140929
8 0.6333160083160083 0.8029460269865067 0.6333160083160083 0.7801424287856071 0.3401559251559252 0.7801424287856071 0.3401559251559252 0.8029460269865067 0.6333160083160083 0.8029460269865067
1 0.6334823284823285 0.8469940029985006 0.6334823284823285 0.80715892053973 0.34082120582120584 0.80715892053973 0.34082120582120584 0.8469940029985006 0.6334823284823285 0.8469940029985006
2 0.3741372141372142 0.9129235382308843 0.3741372141372142 0.8840179910044976 0.08349272349272348 0.8840179910044976 0.08349272349272348 0.9129235382308843 0.3741372141372142 0.9129235382308843
10 0.4108108108108109 0.9507721139430283 0.4108108108108109 0.9224812593703149 0.08415800415800417 0.9224812593703149 0.08415800415800417 0.9507721139430283 0.4108108108108109 0.9507721139430283
0 0.9274532224532225 0.9796176911544228 0.9274532224532225 0.8724662668665666 0.6301351351351352 0.8724662668665666 0.6301351351351352 0.9796176911544228 0.9274532224532225 0.9796176911544228