4 0.5834273127753304 0.12316250000000001 0.5834273127753304 0.056499999999999995 0.09167400881057271 0.056499999999999995 0.09167400881057271 0.12316250000000001 0.5834273127753304 0.12316250000000001
3 0.9370660792951542 0.13309062500000002 0.9370660792951542 0.04279687500000001 0.7887665198237885 0.04279687500000001 0.7887665198237885 0.13309062500000002 0.9370660792951542 0.13309062500000002
5 0.7140044052863437 0.20751250000000002 0.7140044052863437 0.1636375 0.2770440528634361 0.1636375 0.2770440528634361 0.20751250000000002 0.7140044052863437 0.20751250000000002
6 0.7476123348017621 0.252309375 0.7476123348017621 0.215678125 0.2525991189427313 0.215678125 0.2525991189427313 0.252309375 0.7476123348017621 0.252309375
9 0.5540881057268724 0.29855312500000003 0.5540881057268724 0.26887187500000004 0.4497885462555067 0.26887187500000004 0.4497885462555067 0.29855312500000003 0.5540881057268724 0.29855312500000003
7 0.8056784140969163 0.7308468750000001 0.8056784140969163 0.308115625 0.20004845814977976 0.308115625 0.20004845814977976 0.7308468750000001 0.8056784140969163 0.7308468750000001
8 0.7263215859030837 0.7987124999999999 0.7263215859030837 0.7632500000000001 0.27383700440528636 0.7632500000000001 0.27383700440528636 0.7987124999999999 0.7263215859030837 0.7987124999999999
1 0.7263215859030837 0.8534968750000002 0.7263215859030837 0.8064656250000001 0.27383700440528636 0.8064656250000001 0.27383700440528636 0.8534968750000002 0.7263215859030837 0.8534968750000002
2 0.423308370044053 0.933775 0.423308370044053 0.91105 0.047599118942731285 0.91105 0.047599118942731285 0.933775 0.423308370044053 0.933775
10 0.4809823788546255 0.9624468750000003 0.4809823788546255 0.9370906250000002 0.04759911894273131 0.9370906250000002 0.04759911894273131 0.9624468750000003 0.4809823788546255 0.9624468750000003
0 0.9940616740088107 0.996884375 0.9940616740088107 0.894565625 0.6967224669603524 0.894565625 0.6967224669603524 0.996884375 0.9940616740088107 0.996884375