4 0.9743580062806059 0.104309902596624 0.9740174244027079 0.03286651256490945 0.41257544981729144 0.023070306298792614 0.41291603169518964 0.09451369633050717 0.9743580062806059 0.104309902596624
3 0.2161637061440913 0.09518768206305482 0.21572522305496358 0.0032076901967937436 0.08201390424373994 0.0008746554069448399 0.0824523873328677 0.09285464727320593 0.2161637061440913 0.09518768206305482
5 0.8486323316928084 0.18289178161486708 0.8484759755977934 0.15009317956086135 0.20612097745180616 0.13888517883637722 0.20627733354682107 0.17168378089038294 0.8486323316928084 0.18289178161486708
6 0.721105501320788 0.21950308582188482 0.7209419991519608 0.1852054617361604 0.3234055634265856 0.178269127976045 0.32356906559541293 0.21256675206176945 0.721105501320788 0.21950308582188482
9 0.5735269039180145 0.25679876001231117 0.5733769792894308 0.22534927778685224 0.46518102411450135 0.22346144263730577 0.46533094874308517 0.2549109248627647 0.5735269039180145 0.25679876001231117
7 0.8793602376123812 0.7686199381501321 0.8769903851539811 0.27149926177125067 0.16911060231527755 0.2591479651489727 0.17148045477367765 0.7562686415278542 0.8793602376123812 0.7686199381501321
8 0.672436804861281 0.805689550600015 0.6723281130785946 0.782889425497573 0.3790989829764073 0.7777730765750756 0.3792076747590936 0.8005732016775174 0.672436804861281 0.805689550600015
1 0.6719813191534408 0.8497192071433458 0.671791447972246 0.8098901917605792 0.3790613958873945 0.8047825508995056 0.3792512670685895 0.8446115662822722 0.6719813191534408 0.8497192071433458
2 0.9296846577315988 0.9201297022496627 0.929546881428496 0.8912285574781258 0.6388339363303769 0.886156111698641 0.6389717126334796 0.9150572564701778 0.9296846577315988 0.9201297022496627
10 0.9291996230085445 0.9579609026918368 0.9290647765957049 0.9296743569533045 0.60233503457985 0.9239734794077202 0.6024698809926897 0.9522600251462526 0.9291996230085445 0.9579609026918368
0 0.3832313904576606 0.9772734717868303 0.3827206605622897 0.8701383671798928 0.08533254698230384 0.8649494510788617 0.08584327687767476 0.9720845556857993 0.3832313904576606 0.9772734717868303