4 0.6110152990264256 0.09831854043392504 0.6110152990264256 0.02491617357001972 0.049763560500695414 0.02491617357001972 0.049763560500695414 0.09831854043392504 0.6110152990264256 0.09831854043392504
3 0.9451112656467315 0.10400887573964497 0.9451112656467315 0.008417159763313605 0.820702364394993 0.008417159763313605 0.820702364394993 0.10400887573964497 0.9451112656467315 0.10400887573964497
5 0.6591724617524339 0.17799802761341224 0.6591724617524339 0.14675542406311637 0.34152294853963844 0.14675542406311637 0.34152294853963844 0.17799802761341224 0.6591724617524339 0.17799802761341224
6 0.7083379694019472 0.21214003944773177 0.7083379694019472 0.18490138067061146 0.30220445062586926 0.18490138067061146 0.30220445062586926 0.21214003944773177 0.7083379694019472 0.21214003944773177
9 0.5357719054242003 0.25483234714003944 0.5357719054242003 0.23272189349112424 0.4643393602225313 0.23272189349112424 0.4643393602225313 0.25483234714003944 0.5357719054242003 0.25483234714003944
7 0.8586856745479834 0.7717307692307692 0.8586856745479834 0.2724704142011834 0.1412586926286509 0.2724704142011834 0.1412586926286509 0.7717307692307692 0.8586856745479834 0.7717307692307692
8 0.6579694019471488 0.8177465483234715 0.6579694019471488 0.79215483234714 0.3392489568845619 0.79215483234714 0.3392489568845619 0.8177465483234715 0.6579694019471488 0.8177465483234715
1 0.6582127955493741 0.8575887573964498 0.6582127955493741 0.8220562130177517 0.33931154381084844 0.8220562130177517 0.33931154381084844 0.8575887573964498 0.6582127955493741 0.8575887573964498
2 0.3794158553546593 0.9241222879684418 0.3794158553546593 0.8991715976331361 0.07546592489568847 0.8991715976331361 0.07546592489568847 0.9241222879684418 0.3794158553546593 0.9241222879684418
10 0.4283240611961058 0.9642504930966469 0.4283240611961058 0.9352564102564102 0.07434631432545204 0.9352564102564102 0.07434631432545204 0.9642504930966469 0.4283240611961058 0.9642504930966469
0 0.958490959666203 0.992120315581854 0.958490959666203 0.8857889546351086 0.669047287899861 0.8857889546351086 0.669047287899861 0.992120315581854 0.958490959666203 0.992120315581854