4 0.04684123391020636 0.1132585338963744 0.05339542752880297 0.17544885064765992 0.5651305778290373 0.16439970830892406 0.5616090038770097 0.100405627562976 0.04684123391020636 0.1132585338963744
3 0.9503014451319731 0.1655101969830111 0.949675720989553 0.08103743775629757 0.795503845989553 0.08560549331185312 0.7961295701319732 0.17007825253856662 0.9503014451319731 0.1655101969830111
5 0.2316061725004882 0.20875256997331249 0.23186789872583483 0.2440856103951051 0.7447368599679424 0.23588048224630603 0.7437557448292977 0.19668477649222155 0.2316061725004882 0.20875256997331249
6 0.23290974469911474 0.2866273515101217 0.7440516521024539 0.2760862282757274 0.7437900300234328 0.24076724760788906 0.23263697896325586 0.24980397716917271 0.23290974469911474 0.2866273515101217
9 0.4268565211465859 0.32200931312243697 0.5392343644226388 0.3199074609451279 0.5286557409644926 0.29124881492872484 0.4255408619735729 0.2916620145804856 0.4268565211465859 0.32200931312243697
7 0.20382743330160127 0.6477060535865391 0.7482993684094903 0.6440297121330468 0.7811477154933932 0.3229817999414177 0.18033545297549305 0.3296335706730456 0.20382743330160127 0.6477060535865391
8 0.26673989038192414 0.6665125973930872 0.2669211049884463 0.6909765692735794 0.6847174414583741 0.6863311015101217 0.6891463640320901 0.6614114822951246 0.26673989038192414 0.6665125973930872
1 0.2664467320022131 0.730107292520992 0.6896965223873918 0.7274544922052983 0.6897833520471262 0.6912831745101868 0.2647644450139947 0.6954157713337239 0.2664467320022131 0.730107292520992
2 0.09753659644926121 0.7658129743539673 0.09828771175063468 0.7823980539282691 0.4058054064554449 0.7782075335220986 0.40403678409571697 0.7620314200514222 0.09753659644926121 0.7658129743539673
10 0.09933327098792552 0.7963253217958732 0.4730588694224761 0.7946160641639003 0.4705842574285622 0.7784960260040357 0.09326558258884984 0.7827235221799127 0.09933327098792552 0.7963253217958732
0 0.640793810107889 0.803647454842804 0.9103019463361648 0.8014023039933607 0.9177259377237519 0.7468233056694655 0.6424679123543579 0.7446121493197942 0.640793810107889 0.803647454842804