4 0.43482703149924007 0.010963601273147381 0.42643882608719114 0.09929991735228444 0.994033383451301 0.15319733971780217 0.9993335255001106 0.0973814648924859 0.9995764189207798 0.06459085310213192 0.43482703149924007 0.010963601273147381
3 0.0843092807296701 0.07476356400453908 0.22863320047729907 0.08846821842583766 0.23686732098693491 0.0017545727480513696 0.0913443993399019 0.0006766251802955696 0.0843092807296701 0.07476356400453908
5 0.03984358399186765 0.13013784673114787 0.9984166352232923 0.22116165226295556 0.9986574125648807 0.1886567111485051 0.042904744253882535 0.09790072243685971 0.03984358399186765 0.13013784673114787
6 0.3183748368389703 0.190360553406145 0.727207819666063 0.22918235616393795 0.7297070877433304 0.20286252683275882 0.32087410491623775 0.16404072407496587 0.3183748368389703 0.190360553406145
9 0.48125022291506425 0.25946535539208565 0.5600784146478914 0.26695069204482724 0.5629126909993459 0.2371028855905326 0.4840844992665187 0.22961754893779102 0.48125022291506425 0.25946535539208565
7 0.11051256655252358 0.7425555565697772 0.8307550621303192 0.8109480622520484 0.8787835499470856 0.3051593419984107 0.1585410543692899 0.23676683631613957 0.11051256655252358 0.7425555565697772
8 0.3164541466487369 0.8082127378935688 0.6197852389492415 0.8370163333230903 0.6223554082485592 0.8099498421669131 0.3190243159480545 0.7811462467373916 0.3164541466487369 0.8082127378935688
1 0.3121864527807361 0.8444412923145753 0.6157894571702267 0.8732707078660769 0.6190060092772348 0.8393971497386681 0.31540300488774414 0.8105677341871664 0.3121864527807361 0.8444412923145753
2 0.5691903094437583 0.931120092576407 0.879117462741602 0.9605500341907357 0.8811617813107143 0.9390212849032937 0.5712346280128707 0.9095913432889651 0.5691903094437583 0.931120092576407
10 0.5214188543990973 0.9651984333661119 0.8754834796897737 0.9988195638128201 0.8773097770010819 0.979586799637247 0.5232451517104055 0.9459656691905387 0.5214188543990973 0.9651984333661119
0 0 0.9326607024176732 0 0.9537918080956781 0.2852470229754224 0.9808781835310059 0.29535162880460186 0.8744664291050425 0.008115977900529594 0.8471912183153096 0 0.9326607024176732