4 0.5679276100061139 0.898224328362403 0.567277009404794 0.834023831622517 0.056435129001013426 0.8638520302957704 0.053945375178575415 0.9264930400829116 0.5679276100061139 0.898224328362403
3 0.7971792312328745 0.8099055831376198 0.802048145012635 0.8943295752743913 0.9560314817573554 0.8865809519042585 0.9511625679775947 0.802156959767487 0.7971792312328745 0.8099055831376198
5 0.743240323664574 0.7875124506079364 0.7416697287242913 0.7482842112677486 0.22988253449877033 0.7810436400347255 0.23191909076809725 0.8163562822882097 0.743240323664574 0.7875124506079364
6 0.23027736748398014 0.7752705424179117 0.7404081289818643 0.7434787664557493 0.7383723831007666 0.7081801758393625 0.2281549100623545 0.7384684266320861 0.23027736748398014 0.7752705424179117
9 0.41985196411284637 0.718057159588826 0.5226689486840683 0.7102356746866277 0.531350785173249 0.6807657735043035 0.41919020901082427 0.6876402703073269 0.41985196411284637 0.718057159588826
7 0.17294981103983098 0.6997107754784553 0.7723023239124522 0.6583771241906087 0.7186819539138158 0.34032755450908203 0.17568579489593836 0.3801341207195512 0.17294981103983098 0.6997107754784553
8 0.6585850390147905 0.32768974253507155 0.652549718483184 0.3031529200711677 0.23576717594081031 0.33187585832002225 0.23717725145967583 0.3563257068697748 0.6585850390147905 0.32768974253507155
1 0.2333286584283845 0.32761406422740125 0.6572776755617821 0.2978020987201636 0.6548391539361831 0.2616799927996227 0.23274990231124754 0.2928287530141843 0.2333286584283845 0.32761406422740125
2 0.3678308118039248 0.2499547351250976 0.36854204539746077 0.23365629603455615 0.0617204023795172 0.2540273885897182 0.06205006336902597 0.270653063112762 0.3678308118039248 0.2499547351250976
10 0.05669292758698227 0.2541033410731503 0.43309811576699925 0.22819524889221707 0.4345167616512522 0.21189644302167904 0.06185707670266578 0.24003290653585432 0.05669292758698227 0.2541033410731503
0 0.6066436498099461 0.2483138136998617 0.8808909699639558 0.22412461114170223 0.8699414735909927 0.170202246404152 0.6011361710172797 0.18948119508623115 0.6066436498099461 0.2483138136998617