4 0.913874995223388 0.11001637594755888 0.9155321373562421 0.04333817516821535 0.42391730223507695 0.04568208347509438 0.42226016010222295 0.1123602842544379 0.913874995223388 0.11001637594755888
3 0.2167319727250724 0.12326948279988878 0.21897655667344504 0.0329544662370559 0.07071875567800574 0.03366132588913938 0.06847417172963315 0.12397634245197225 0.2167319727250724 0.12326948279988878
5 0.7264603178895065 0.195269796167899 0.7275509927228683 0.15138446244663595 0.2907136804385993 0.1534672039179453 0.2896230056052377 0.19735253763920838 0.7264603178895065 0.195269796167899
6 0.749784777124375 0.23996070691854693 0.7506953818534823 0.20332082929172035 0.2558215527703214 0.20568027574446857 0.2549109480412142 0.24232015337129514 0.749784777124375 0.23996070691854693
9 0.5515013159457682 0.287155238388128 0.5522391528095338 0.25746699766985476 0.4479689622092479 0.2579641343476925 0.4472311253454823 0.28765237506596575 0.5515013159457682 0.287155238388128
7 0.7904248273115855 0.7183604360273262 0.800933370574275 0.295529621653385 0.19547394907798807 0.2984163151909661 0.1849654058152984 0.7212471295649073 0.7904248273115855 0.7183604360273262
8 0.7149700083381826 0.7865937532058817 0.7158515594784239 0.7511229008505476 0.2634943894616239 0.7532796374921857 0.26261283832138255 0.7887504898475197 0.7149700083381826 0.7865937532058817
1 0.7136081407809416 0.84139103137308 0.7147772758409198 0.7943487042715835 0.26242010582411973 0.7965054409132216 0.2612509707641416 0.843547768014718 0.7136081407809416 0.84139103137308
2 0.9377867130686445 0.9206097166683825 0.938351626700283 0.8978793643307027 0.5627481685343776 0.899670156639626 0.562183254902739 0.9224005089773057 0.9377867130686445 0.9206097166683825
10 0.9370739679407175 0.9492883446521853 0.9377042909890008 0.9239261225856376 0.5044430639711381 0.9259918140914798 0.5038127409228549 0.9513540361580274 0.9370739679407175 0.9492883446521853
0 0.2872773303397156 0.9868279573929176 0.2898208399831577 0.8844851086249976 0 0.8858669088185898 0 0.9881976307079943 0.2872773303397156 0.9868279573929176