4 0.599421806167401 0.09496484375000001 0.599421806167401 0.02100390625 0.04452092511013217 0.02100390625 0.04452092511013217 0.09496484375000001 0.599421806167401 0.09496484375000001
3 0.95715859030837 0.11188671875000002 0.95715859030837 0.006566406250000001 0.815330396475771 0.006566406250000001 0.815330396475771 0.11188671875000002 0.95715859030837 0.11188671875000002
5 0.7790803964757709 0.18068750000000003 0.7790803964757709 0.149171875 0.22259361233480174 0.149171875 0.22259361233480174 0.18068750000000003 0.7790803964757709 0.18068750000000003
6 0.6983314977973569 0.21180468750000003 0.6983314977973569 0.1841640625 0.3003469162995594 0.1841640625 0.3003469162995594 0.21180468750000003 0.6983314977973569 0.21180468750000003
9 0.5411894273127753 0.25626562500000005 0.5411894273127753 0.228765625 0.46561674008810566 0.228765625 0.46561674008810566 0.25626562500000005 0.5411894273127753 0.25626562500000005
7 0.8600825991189426 0.7784960937500001 0.8600825991189426 0.26686328125 0.1344328193832599 0.26686328125 0.1344328193832599 0.7784960937500001 0.8600825991189426 0.7784960937500001
8 0.6506057268722466 0.8163945312499999 0.6506057268722466 0.79232421875 0.3451431718061674 0.79232421875 0.3451431718061674 0.8163945312499999 0.6506057268722466 0.8163945312499999
1 0.6498348017621146 0.8634765625 0.6498348017621146 0.8203671875000003 0.3451431718061674 0.8203671875000003 0.3451431718061674 0.8634765625 0.6498348017621146 0.8634765625
2 0.38588105726872246 0.92369921875 0.38588105726872246 0.8961601562500001 0.08458149779735684 0.8961601562500001 0.08458149779735684 0.92369921875 0.38588105726872246 0.92369921875
10 0.4291079295154185 0.964765625 0.4291079295154185 0.93690625 0.08272026431718063 0.93690625 0.08272026431718063 0.964765625 0.4291079295154185 0.964765625
0 0.9461398678414097 0.993078125 0.9461398678414097 0.888328125 0.6664151982378854 0.888328125 0.6664151982378854 0.993078125 0.9461398678414097 0.993078125