4 0.5777024647887324 0.12505625 0.5777024647887324 0.04985625000000001 0.07941021126760567 0.04985625000000001 0.07941021126760567 0.12505625 0.5777024647887324 0.12505625
3 0.9277112676056339 0.13307187500000003 0.9277112676056339 0.037028125000000016 0.7929753521126761 0.037028125000000016 0.7929753521126761 0.13307187500000003 0.9277112676056339 0.13307187500000003
5 0.6689700704225352 0.205884375 0.6689700704225352 0.164253125 0.31199823943661975 0.164253125 0.31199823943661975 0.205884375 0.6689700704225352 0.205884375
6 0.7442341549295775 0.24930937500000003 0.7442341549295775 0.215040625 0.256294014084507 0.215040625 0.256294014084507 0.24930937500000003 0.7442341549295775 0.24930937500000003
9 0.5362984154929578 0.29807187500000004 0.5362984154929578 0.27010312500000005 0.4610255281690141 0.27010312500000005 0.4610255281690141 0.29807187500000004 0.5362984154929578 0.29807187500000004
7 0.8014964788732394 0.7312000000000002 0.8014964788732394 0.30739999999999995 0.20193661971830987 0.30739999999999995 0.20193661971830987 0.7312000000000002 0.8014964788732394 0.7312000000000002
8 0.7349427816901408 0.797271875 0.7349427816901408 0.7622781250000003 0.26922975352112677 0.7622781250000003 0.26922975352112677 0.797271875 0.7349427816901408 0.797271875
1 0.7342781690140845 0.8580593750000001 0.7342781690140845 0.801403125 0.2690669014084507 0.801403125 0.2690669014084507 0.8580593750000001 0.7342781690140845 0.8580593750000001
2 0.4159507042253521 0.9343906249999999 0.4159507042253521 0.9131718750000002 0.05869718309859158 0.9131718750000002 0.05869718309859158 0.9343906249999999 0.4159507042253521 0.9343906249999999
10 0.46416373239436615 0.9607468750000002 0.46416373239436615 0.9373031250000001 0.05900528169014087 0.9373031250000001 0.05900528169014087 0.9607468750000002 0.46416373239436615 0.9607468750000002
0 0.9957086267605634 0.9965218750000001 0.9957086267605634 0.8952406250000001 0.6938512323943661 0.8952406250000001 0.6938512323943661 0.9965218750000001 0.9957086267605634 0.9965218750000001