4 0.6029127006945671 0.9170799823129651 0.04215812225853144 0.8696344541136268 0.03866502225690866 0.9427821603487913 0.5994196006929443 0.9902276885481298 0.6029127006945671 0.9170799823129651
3 0.9369835170035538 0.9396522584329197 0.8126848178879683 0.9291353270322387 0.8093007419955149 1 0.9341016672912992 1 0.9369835170035538 0.9396522584329197
5 0.6548190235346796 0.8417479088739452 0.33745088612821167 0.8148953436128884 0.33596410112147507 0.8460295547311204 0.6533322385279431 0.8728821199921775 0.6548190235346796 0.8417479088739452
6 0.7055657432492345 0.8118805646604863 0.29979197993182666 0.7775479862556471 0.298495736185423 0.8046921438025398 0.7042694995028308 0.839024722207379 0.7055657432492345 0.8118805646604863
9 0.5351841972266459 0.7547484659600047 0.46381492739348246 0.7487099014352536 0.4627627266406088 0.7707436455410226 0.5341319964737723 0.7767822100657737 0.5351841972266459 0.7547484659600047
7 0.8824102878994681 0.2669409405796266 0.16561880701861298 0.2062931068802046 0.14185981365811948 0.7038213385280893 0.8586512945389747 0.7644691722275112 0.8824102878994681 0.2669409405796266
8 0.6840616275064361 0.20411721733290367 0.36562350688790535 0.17717412063329424 0.3644056384875008 0.20267704924813412 0.6828437591060316 0.22962014594774355 0.6840616275064361 0.20411721733290367
1 0.6862008318435261 0.16443381130957685 0.36758206470867316 0.13747543008138058 0.3658911283515798 0.17288469859747588 0.6845098954864326 0.19984307982567215 0.6862008318435261 0.16443381130957685
2 0.4108170748018648 0.07456295555572262 0.10713638497827552 0.04886848726835729 0.10594902195206223 0.07373261420305649 0.4096297117756515 0.09942708249042183 0.4108170748018648 0.07456295555572262
10 0.4615915938914083 0.03870843536165493 0.10792740259003687 0.0087848555876211 0.10654762104969413 0.037678346966283555 0.4602118123510656 0.0676019267403174 0.4615915938914083 0.03870843536165493
0 0.9926151472130319 0.05575306886815593 0.7034278663528362 0.03128489006663857 0.6983677287446812 0.13724734722471238 0.987555009604877 0.16171552602622974 0.9926151472130319 0.05575306886815593