4 0.575284840103246 1 0.9531684268929624 1 0.9550147536502775 0.9329455276849069 0.385082516571055 0.9003863167521116 0.38264270873256706 0.9889946990505656 0.575284840103246 1
3 0.18453860956529458 0.9862320824944887 0.18743125206282424 0.8811777547599265 0.04251292369160603 0.8728988294518102 0.03962028119407633 0.9779531571863722 0.18453860956529458 0.9862320824944887
5 0.9874689138059991 0.8999305874854755 0.9883592881393939 0.8675941763642321 0.006010921247542474 0.8114743684182342 0.006250928564626373 0.8438753562245603 0.9874689138059991 0.8999305874854755
6 0.6987113698115187 0.8438613959209392 0.6994383112186332 0.8174605043859346 0.2889215198376633 0.7940084131855392 0.28819457843054885 0.8204093047205434 0.6987113698115187 0.8438613959209392
9 0.5373330832477076 0.7847797392106595 0.5381574657370523 0.7548400047677712 0.4590046143287542 0.7503181437161095 0.45818023183940954 0.7802578781589978 0.5373330832477076 0.7847797392106595
7 0.8591434843688347 0.7652665157543681 0.8731131328561917 0.2579200214050878 0.14990426586057753 0.21660439032295767 0.13593461737322046 0.723950884672238 0.8591434843688347 0.7652665157543681
8 0.666145205966118 0.22738658183781116 0.6668927698244981 0.20023672884082055 0.36231238622577033 0.18283659543828715 0.3615648223673902 0.20998644843527778 0.666145205966118 0.22738658183781116
1 0.6664094969456379 0.1977649155072048 0.6673450688180566 0.16378703051510904 0.3624916532405085 0.1463712992831997 0.36155608136808987 0.18034918427529545 0.6664094969456379 0.1977649155072048
2 0.9387523275478462 0.1389157793279963 0.9393469415593393 0.11732072384073494 0.6281433306034245 0.09954221728688861 0.6275487165919315 0.12113727277415 0.9387523275478462 0.1389157793279963
10 0.9398727281397335 0.09822532723285154 0.9404039281135849 0.07893332824119693 0.584881061756918 0.05862294177058611 0.5843498617830668 0.07791494076224072 0.9398727281397335 0.09822532723285154
0 0.34944145719574143 0.11413865577395318 0.35236862587968976 0.00783041390843755 0.0636729364774561 0.0014149541439434693 0.061022805246532634 0.09766181323931779 0.34944145719574143 0.11413865577395318