4 0.04400462092744264 0.9262812565089489 0.045674299647873486 0.9996683964925867 0.607027192436575 0.9827499181199201 0.6053575137161443 0.9093627781362822 0.04400462092744264 0.9262812565089489
3 0.8149529332571012 0.8973527767682374 0.8171273516149052 0.9929246628170619 0.9415586750523572 0.9891744574088371 0.939384256694553 0.8936025713600125 0.8149529332571012 0.8973527767682374
5 0.3340041287336 0.8378234482822762 0.3347148021430216 0.8690595707420594 0.6524215652495575 0.859484283842289 0.651710891840136 0.828248161382506 0.3340041287336 0.8378234482822762
6 0.29390191840123814 0.8048737432279096 0.2945215143472048 0.8321067515088187 0.700728230467611 0.8198641860392187 0.7001086345216443 0.7926311777583095 0.29390191840123814 0.8048737432279096
9 0.4550949304705245 0.7573028664718964 0.455597875478076 0.7794087334399626 0.5270432949498204 0.7772554573106567 0.5265403499422688 0.7551495903425904 0.4550949304705245 0.7573028664718964
7 0.12019818035685464 0.25025067649801297 0.13155482219775377 0.7494074629647152 0.8491111058058123 0.7277812085686884 0.837754463964913 0.2286244221019862 0.12019818035685464 0.25025067649801297
8 0.3171774105059108 0.19827618719531073 0.31775954355434805 0.22386259432382627 0.6365374315244594 0.21425502505217958 0.6359552984760223 0.1886686179236641 0.3171774105059108 0.19827618719531073
1 0.3163337206522289 0.1584403565172528 0.31714197705820946 0.19396552988297183 0.6361007042910024 0.18435251034074865 0.635292447885022 0.14882733697502962 0.3163337206522289 0.1584403565172528
2 0.05092711514440889 0.09987404007835737 0.05149466682554418 0.12481955454276734 0.3554993781058208 0.11565723045206365 0.3549318264246854 0.0907117159876537 0.05092711514440889 0.09987404007835737
10 0.04889450919393574 0.05978790905777572 0.04955403565343686 0.08877597724961987 0.4035955798464596 0.07810560521555286 0.4029360533869585 0.04911753702370872 0.04889450919393574 0.05978790905777572
0 0.6430753896273491 0.014290564213941091 0.6454874249364843 0.12030639271495415 0.9349832630646914 0.11158134802512001 0.9329162782582634 0.020731472850183633 0.6430753896273491 0.014290564213941091