4 0.9258905158875835 0.9918379767294828 0.9291768584801763 0.9031067267294828 0.35904469988986787 0.8988835255547398 0.3557583572972753 0.9876147755547399 0.9258905158875835 0.9918379767294828
3 0.15750324889867837 0.9947016907325827 0.16139954519497465 0.8895016907325828 0.016430382199379884 0.8884278450807637 0.01253408590308359 0.9936278450807636 0.15750324889867837 0.9947016907325827
5 0.9619746701133953 0.8684776090104421 0.9631739756689508 0.8360963590104421 0 0.8289617369684499 0 0.8613518707133059 0.9619746701133953 0.8684776090104421
6 0.6734929270680371 0.8267642274433022 0.6744720937347037 0.8003267274433024 0.2638113007831619 0.7972847956436614 0.2628321341164952 0.8237222956436612 0.6734929270680371 0.8267642274433022
9 0.5125331717041931 0.7757051308329255 0.5136435883708598 0.7457238808329255 0.4344629716307718 0.7451373577459619 0.43335255496410513 0.775118607745962 0.5125331717041931 0.7757051308329255
7 0.834817585454397 0.7401914025534345 0.8536342521210637 0.23214140255343452 0.13017169705498438 0.22678242066405613 0.1113550303883177 0.7348324206640562 0.834817585454397 0.7401914025534345
8 0.6467720101158427 0.21189770761951368 0.6477789545602872 0.18471020761951368 0.34309172989068354 0.18245326521455366 0.3420847854462391 0.20964076521455366 0.6467720101158427 0.21189770761951368
1 0.647318803026595 0.18226237865067713 0.6485789882117801 0.14823737865067713 0.34361863578887264 0.14597841307717407 0.34235845060368747 0.18000341307717413 0.647318803026595 0.18226237865067713
2 0.9204661975852504 0.10987153287648868 0.9212671235111763 0.08824653287648872 0.60995434818078 0.08594051231848578 0.609153422254854 0.10756551231848574 0.9204661975852504 0.10987153287648868
10 0.9219753411037691 0.06912465787648873 0.9226908503630283 0.04980590787648881 0.5670432732705172 0.047171481379507246 0.566327764011258 0.06649023137950716 0.9219753411037691 0.06912465787648873
0 0.3308639031652798 0.11439404674498277 0.3348226994615761 0.007506546744982835 0.04630287567302972 0.005369362865067677 0.042344079376733436 0.1122568628650676 0.3308639031652798 0.11439404674498277