4 0.6268496330601298 0.8922298078290475 0.07257368279658727 0.9198113152300679 0.07624993240202288 0.9936889577327911 0.6305258826655654 0.9661074503317706 0.6268496330601298 0.8922298078290475
3 0.9833424264694662 0.8575455808575626 0.8416739599120803 0.8645951918987522 0.8469089362436402 0.9697968923930176 0.9885774028010261 0.962747281351828 0.9833424264694662 0.8575455808575626
5 0.8020450221954958 0.7976737109088916 0.24618495489636844 0.8253340460774171 0.24775144807354468 0.8568141780998092 0.8036115153726721 0.8291538429312837 0.8020450221954958 0.7976737109088916
6 0.7198403744066326 0.7706052148273037 0.32230400416402794 0.7903871525657313 0.3236778893551161 0.8179966486230499 0.7212142595977208 0.7982147108846221 0.7198403744066326 0.7706052148273037
9 0.5606653340775494 0.7340051410201722 0.4851777570068254 0.7377615031078135 0.4865446523919668 0.7652305325373673 0.5620322294626907 0.761474170449726 0.5606653340775494 0.7340051410201722
7 0.8532417523871042 0.19651213302023252 0.1284092012922439 0.23258076338930728 0.15384005693926753 0.7436373737052292 0.8786726080341279 0.7075687433361544 0.8532417523871042 0.19651213302023252
8 0.6421170408278978 0.16906848483645998 0.3369984984738319 0.18425158872203512 0.33819492025838305 0.2082947931744371 0.643313462612449 0.19311168928886194 0.6421170408278978 0.16906848483645998
1 0.6390067580723738 0.12207779654431118 0.3346582726106061 0.137222581376238 0.3368010364558362 0.18028340648768032 0.641149521917604 0.1651386216557535 0.6390067580723738 0.12207779654431118
2 0.372356894565502 0.07504285975818946 0.07139665942984659 0.0900190407540636 0.07276549642775094 0.11752708869132969 0.3737257315634063 0.10255090769545555 0.372356894565502 0.07504285975818946
10 0.4134938671002142 0.03187409852053992 0.06749630457785763 0.04909139673978959 0.06888106280041846 0.07691939644029766 0.41487862532277503 0.059702098221048 0.4134938671002142 0.03187409852053992
0 0.9296362526139911 0 0.6495347383501006 0 0.654333227623349 0.09643008857669523 0.9337428705874001 0.08252629366792245 0.9296362526139911 0