4 0.38409654440626617 0.9436269725042569 0.8809175081493065 0.9783860830039042 0.886718875097676 0.9033692664243654 0.38989791135463575 0.8686101559247179 0.38409654440626617 0.9436269725042569
3 0.03413156366602035 0.932008468972586 0.1684696492232224 0.9414071713240612 0.17587902471321545 0.8455973790719192 0.04154093915601336 0.8361986767204441 0.03413156366602035 0.932008468972586
5 0.3019236640600273 0.8231422562061063 0.6578414770428873 0.8480433523616676 0.6610531546727983 0.8065135139942884 0.3051353416899384 0.781612417838727 0.3019236640600273 0.8231422562061063
6 0.23079985333360403 0.7672283148687443 0.7172992707147426 0.8012652984923082 0.7199429621191568 0.7670800254449669 0.23344354473801818 0.733043041821403 0.23079985333360403 0.7672283148687443
9 0.442369470977298 0.7268048082997887 0.5174201027295281 0.7320555794880458 0.5195777753603421 0.7041549599573413 0.444527143608112 0.6989041887690841 0.442369470977298 0.7268048082997887
7 0.1808317471095537 0.6710995048675749 0.7786213072363686 0.7129226864407472 0.8113157129906112 0.29015504194063346 0.21352615286379636 0.2483318603674612 0.1808317471095537 0.6710995048675749
8 0.2822808872851455 0.22197199134810722 0.7466188211936631 0.25445848996987613 0.7493184433299598 0.21954998298609668 0.28498050942144215 0.18706348436432774 0.2822808872851455 0.22197199134810722
1 0.28596186845877053 0.1829886589183792 0.7497995233344409 0.21544015649258288 0.7541703171664698 0.1589219182700496 0.29033266229079935 0.1264704206958459 0.28596186845877053 0.1829886589183792
2 0.6119719128653183 0.09369757341547048 0.9681705842525836 0.11861831928194567 0.969807522483112 0.09745125709049517 0.6136088510958465 0.07253051122401999 0.6119719128653183 0.09369757341547048
10 0.5657628670673127 0.06626193509404157 0.9697250208537871 0.09452435992280132 0.9715336085718169 0.07113771771952243 0.5675714547853425 0.04287529289076269 0.5657628670673127 0.06626193509404157
0 0.032542499594566156 0.07114327549041588 0.33350861039046426 0.09219978289499166 0.3406388086249725 0 0.03804430926668475 0 0.032542499594566156 0.07114327549041588