4 0.3640361974891629 0.12061239000224698 0.9330741384177493 0.09348072205767671 0.9285268665172645 0.020633930367050322 0.7017397006266719 0.015594215569481597 0.3585022858236961 0.03195973866516527 0.3640361974891629 0.12061239000224698
3 0.16697143634310999 0.13794056830888002 0.1604104163280971 0.03283375508737133 0.0157194832414186 0.039732603246233296 0.022280503256431446 0.14483941646774198 0.16697143634310999 0.13794056830888002
5 0.9687140761393754 0.15916555860014403 0.9666945511454483 0.1268129921017697 0 0.17290488453815694 0 0.20535374177147167 0.9687140761393754 0.15916555860014403
6 0.6814203154931698 0.20655576674423737 0.6797714850117353 0.18014168523716861 0.26989884667637115 0.1996843686384423 0.2715476771578056 0.22609845014551105 0.6814203154931698 0.20655576674423737
9 0.522256820205106 0.2676530248476751 0.5203869762761602 0.2376983324151907 0.4413583257565311 0.24146640998925736 0.4432281696854769 0.2714211024217417 0.522256820205106 0.2676530248476751
7 0.8747009265865393 0.7678851491122024 0.8430153161433144 0.26028518278912754 0.12094125582081343 0.29471359647994033 0.15262686626403849 0.8023135628030152 0.8747009265865393 0.7678851491122024
8 0.6704064680526932 0.8236154562900545 0.6687108622384521 0.7964520391373952 0.36460840399100386 0.8109516117051455 0.36630400980524486 0.8381150288578048 0.6704064680526932 0.8236154562900545
1 0.6721313146649981 0.8600781071140221 0.6700092737333363 0.8260832466590619 0.3656342119289604 0.840595816935146 0.36775625286062213 0.8745906773901063 0.6721313146649981 0.8600781071140221
2 0.9458708102426864 0.9091494210757711 0.9445221214800946 0.887543576627909 0.6338068285613699 0.9023584484429831 0.6351555173239618 0.9239642928908454 0.9458708102426864 0.9091494210757711
10 0.9482682409462475 0.9475559951441462 0.9470633863320361 0.9282543578064749 0.5920983805597702 0.9451790511807684 0.5933032351739814 0.9644806885184396 0.9482682409462475 0.9475559951441462
0 0.3616492640036372 1 0.3558256597149994 0.906706504957883 0.06785957330504062 0.920436697048454 0.07282610598856415 1 0.3616492640036372 1