4 0.9790959227588644 0.12346570362676118 0.9831314195189124 0.05020421316322113 0.42266684806185684 0.015200564019418149 0.4186313513018088 0.08846205448295821 0.9790959227588644 0.12346570362676118
3 0.2133908146179564 0 0.08872900548971387 0 0.08469111930829366 0.07330486865994978 0.20892553452570364 0.08106389234016283 0.2133908146179564 0
5 0.6833651345494651 0.18479607716947372 0.6850827825053744 0.15361343552114703 0.367878779246523 0.13380255325928161 0.3661611312906139 0.1649851949076083 0.6833651345494651 0.18479607716947372
6 0.7207514365726885 0.22132474355611725 0.7222489566655613 0.19413836216953959 0.3166850484751099 0.16880898816329015 0.315187528382237 0.19599536954986782 0.7207514365726885 0.22132474355611725
9 0.5564967976161275 0.2538232288642078 0.5577123805445203 0.23175521037445138 0.4863800209518297 0.22730016894107244 0.4851644380234369 0.24936818743082884 0.5564967976161275 0.2538232288642078
7 0.8507064272382563 0.7898792090166646 0.8781546367609532 0.2915770519943998 0.16173386089067293 0.2468332042027363 0.13428565136797593 0.7451353612250011 0.8507064272382563 0.7898792090166646
8 0.6504640045223163 0.8234585923393358 0.6518709794104427 0.7979159928830832 0.33359754630567295 0.7780383196963014 0.33219057141754654 0.8035809191525541 0.6504640045223163 0.8234585923393358
1 0.6482110704822089 0.8632204314796669 0.6501645697199429 0.827756082408038 0.33171058352430366 0.8078671328313353 0.3297570842865698 0.8433314819029643 0.6482110704822089 0.8632204314796669
2 0.9080287768924299 0.9460815574089153 0.9094005096349963 0.9211787533147656 0.6058768751843225 0.9022222744430636 0.6045051424417562 0.9271250785372133 0.9080287768924299 0.9460815574089153
10 0.9069406588738339 0.9862025739525907 0.9085346882268558 0.9572641375744086 0.5550534024025626 0.9351875683530446 0.5534593730495407 0.9641260047312267 0.9069406588738339 0.9862025739525907
0 0.3115415455543707 0.9769291264165244 0.31738740422249345 0.8708018403520491 0.028349683139260607 0.8527500749178498 0.02250382447113777 0.9588773609823248 0.3115415455543707 0.9769291264165244